305178 1.17476357325 0.0108312939324
305179 1.17541288503 0.0105727922506
301086 1.20623999493 0.011650345423
305183 1.17546375833 0.0106988862801
299042 1.04161400413 0.000250697135925
305188 1.17581070505 0.0107590908826
305202 1.17698035142 0.010849860955
305204 1.17723700586 0.010740009483
299061 1.04812406404 0.00490356845383
299062 1.04903811004 0.00394295106079
305207 1.177579741 0.0105492560868
299064 1.04642681411 0.00439552597083
299065 1.04876748482 0.00462482148852
299067 1.04655326418 0.00407956554902
301141 1.20956012719 0.0118423767354
301142 1.20989680405 0.0116776279365
299096 1.05150870247 0.0
305247 1.1807210512 0.0105230200773
297056 1.52008196152 0.00406894304358
297057 1.52017878321 0.00406513535604
301161 1.21103572011 0.0116373292571
301165 1.21135426743 0.0115509321791
299369 1.09480659172 0.00678765236348
301180 1.21219644429 0.0115754320924
301183 1.21260131791 0.0117559062228
305282 1.1834687993 0.0105027679736
297099 1.52366355438 0.00411103001666
297100 1.52382064782 0.00410777803293
297101 1.52413259696 0.00406033320309
306135 1.25045759998 0.0104760480056
297113 1.52496683076 0.00409151075296
297114 1.52512099166 0.00408158862794
305310 1.18560010175 0.0106081443655
305311 1.18579747341 0.0107486270648
305312 1.18562954669 0.0107136502791
300400 1.20466906915 0.0117233854218
305314 1.18573244465 0.0108237536364
305862 1.22910026462 0.0104935755159
299178 1.06927340983 0.0
299184 1.06686978384 0.0048751044452
299185 1.07101162937 0.00494428756544
305336 1.18772776326 0.0106236441807
305341 1.18787108636 0.010764297407
305351 1.18841562092 0.0108290059764
305186 1.17560363994 0.0107594086379
305358 1.18906433886 0.0107906856798
305364 1.18965523499 0.010778787035
305365 1.18961508271 0.0107703158538
305366 1.18981396578 0.0106407570969
297176 1.53035722052 0.00410455195126
297177 1.53029884702 0.00408050298967
297178 1.53041648553 0.00410814268956
297179 1.53040458996 0.00416700220768
297180 1.53066086984 0.00415543371406
297181 1.53095950968 0.00412621806179
305376 1.19075137861 0.0106508071271
301281 1.21876111904 0.0116547675384
301283 1.21871562157 0.0116931336219
301298 1.21982102553 0.0116728320702
297211 1.53327811201 0.00408776290714
305405 1.19304172569 0.0103166147754
305406 1.19303930788 0.0104776808509
297215 1.53360644226 0.00410244072066
297218 1.53371896493 0.00410400582538
297219 1.53385864114 0.00412082808331
297224 1.53425959789 0.0040956548321
297225 1.53412586357 0.00418523884236
301323 1.22133750216 0.0116777372715
301330 1.22180897799 0.0116813130399
306048 1.24357008606 0.0104200666624
305440 1.19607443652 0.0102562400983
305441 1.19617163612 0.0104328019306
301359 1.22349842939 0.0117066477778
299316 1.09691055802 0.0
299317 1.08952615335 0.0
299318 1.0768254968 0.0
299325 1.09301345481 0.00415327503912
299326 1.08513190563 0.0
299327 1.08695170775 0.0
297281 0.983911576161 0.00444620257028
297286 0.984640264567 0.00445951690156
301384 1.22533337588 0.0118013540819
302663 1.43584696987 0.00461710508996
297292 0.985481127519 0.00448561284947
297293 0.985666213333 0.00457016905698
301391 1.2258887278 0.0115456853603
297296 0.986058855372 0.00449886072464
301393 1.22491240163 0.0121380503729
301394 1.22930869443 0.0127557066476
301396 1.22680625765 0.0113653104682
301397 1.226188339 0.0116839862113
301398 1.22472781159 0.0125525634032
301399 1.22619333567 0.0116967648404
297308 0.987796118358 0.00451533625862
299368 1.0987233529 0.00328864853713
301417 1.22709335171 0.0117338236865
299370 1.09814626742 0.00401659728158
305516 1.20191206073 0.0104405757133
305517 1.2017941822 0.0105642914611
305518 1.20188861886 0.0104591810326
299380 1.09014339784 0.0
299381 1.09222575803 0.0
299394 1.09833400524 0.00399257104497
299395 1.09904638918 0.00456884821865
299396 1.10202232744 4.00543212891e-05
301447 1.22931823974 0.0115904374147
301448 1.2294432533 0.0116619877251
301449 1.22952242534 0.0116394118221
301450 1.22911309389 0.0117247048332
297359 0.99519587651 0.00446279402513
301461 1.2300720975 0.0116196623076
299420 1.09831125656 0.00541293621063
301472 1.23081167188 0.0117764420725
301475 1.23099205708 0.0116164796766
301476 1.23109930139 0.0116994401027
301480 1.23067376273 0.0115788981706
305586 1.20715334735 0.0106206007871
299443 1.19218635841 0.0072955241206
305588 1.20726535293 0.0104999821825
305590 1.20738414103 0.0106703947006
299450 1.1933437794 0.007427751718
297411 1.00278972929 0.00449022886544
301519 1.2340051343 0.0116311865654
297424 1.00467963732 0.00448551827671
297425 1.0048571966 0.00445349834299
297426 1.00505870592 0.00451875354729
301524 1.23421981612 0.0117800350917
299477 1.19754367053 0.00691244529554
299478 1.19821880313 0.00723641342922
299479 1.19862438876 0.00724188877092
301529 1.23433593507 0.0120024099744
301530 1.23520070477 0.0114339241798
301531 1.23485301524 0.0116898435346
301532 1.23470388981 0.011696523455
305636 1.21120634583 0.0104997730407
297467 1.01104714213 0.00443417226939
297468 1.01110721337 0.00447107932156
302328 1.36528669609 0.00459280250662
301567 1.23713376277 0.011525088172
297474 1.01203597348 0.00448753964602
297483 1.01327315624 0.00446701082669
297484 1.01341537504 0.004516008257
297485 1.01360899952 0.00449364545692
297486 1.01379836562 0.00450214431957
297487 1.01392507306 0.00450076591449
297488 1.01404491012 0.00449176560386
297503 1.01624125065 0.00450071898293
297504 1.01633003787 0.00454281413451
297505 1.01658475478 0.00451045103029
304562 1.07170561869 0.00775338157681
301627 1.24061034647 0.0117360071184
305248 1.18048487624 0.0106069706895
305249 1.18038399922 0.0105039433744
299592 1.21852657792 0.00719748444881
299593 1.21871361151 0.00714570247271
299594 1.21892706409 0.00724993603544
299595 1.21899464893 0.00737463347464
299597 1.21930226891 0.00719048462283
297557 1.02414030611 0.00448708684852
297558 1.0242995889 0.00449995385921
297562 1.02489078269 0.00449572798248
297563 1.02504944116 0.00450875846015
299614 1.22245234976 0.00708258718995
301664 1.24318984295 0.0116632390728
301665 1.24315774909 0.011739506465
305766 1.22169816843 0.0102612791774
297599 1.03031698649 0.0045153467395
299649 1.22869465733 0.00710392729782
297603 1.03082114878 0.00449651856561
297604 1.03097601932 0.00451801180845
297605 1.03119858681 0.00447378640568
297606 1.03132663655 0.00450237255368
305809 1.22484743918 0.0106757890879
297620 1.03329745523 0.00450935774664
305814 1.22535559512 0.0104972861284
305821 1.22604401746 0.0103664764687
305832 1.22732021168 0.0102414086762
305840 1.22774150729 0.0103253640479
305842 1.22769580924 0.0103884690664
297656 1.03871392756 0.00444738187146
297665 1.03990641951 0.00448911196267
297666 1.04000891634 0.00454476543272
297671 1.04085102358 0.00446403246039
297674 1.04117896793 0.00447121221748
297675 1.04137955449 0.00447445778083
297678 1.04180102028 0.00490698127329
303824 1.02662625083 0.00888790118513
303825 1.02679591528 0.00897158870578
303832 1.02819052912 0.00903374170536
304654 1.07690942086 0.00775368795776
303838 1.02935598358 0.00904887117416
305898 1.23193303882 0.0105344913491
305902 1.23246703821 0.0103081685507
302548 1.41153714039 0.00463408110796
297722 1.04821460022 0.00448669133054
297723 1.04827526924 0.00449566746185
297430 1.00560035572 0.00448851480734
297431 1.00571096643 0.00450481926525
303885 1.03901739725 0.00897395923617
299480 1.19865040724 0.00709793349528
299481 1.19879731788 0.00731065834863
297434 1.0062010349 0.00447604347661
297435 1.00630503219 0.00454678684236
305967 1.23723155259 0.0103875728676
297429 1.00546994044 0.00448413816747
303948 1.05186241526 0.0090021737905
301912 1.25927227461 0.0115905905698
301913 1.25896928914 0.0113925287262
301914 1.25972754654 0.0112150436969
302565 1.41426206137 0.00516138369563
306029 1.2422938617 0.0101233581553
306030 1.24254230513 0.010163661419
306036 1.24255198636 0.0107984407142
301941 1.26095291564 0.0116069645885
306038 1.24283783435 0.0103903297406
306041 1.24313936163 0.0105039602678
306042 1.24324643568 0.0104323960483
303998 1.0399899732 0.00774703926491
303999 1.03996718251 0.00775742893173
304000 1.03997326552 0.00772423606574
306049 1.24385281604 0.0103885322765
306051 1.24353903869 0.0103416703426
301959 1.26203283342 0.0116309042716
301960 1.2622736095 0.0116128838109
301969 1.2626239843 0.0116578806331
301970 1.26280390295 0.0115237677406
301984 1.26384884159 0.0115812898823
301985 1.26357852919 0.0116819527328
301986 1.26363514041 0.0116759749732
301987 1.26364652871 0.0117295488849
297432 1.00583964814 0.00451484813798
306093 1.24393039207 0.000584652537543
306091 1.24706906396 0.0104497846462
306092 1.24720180969 0.0103878327848
301997 1.26450481621 0.0116377607026
301998 1.26448215169 0.0116943112408
306095 1.24755614497 0.0103193092771
304062 1.04352435837 0.0077484566529
297433 1.00603630837 0.0045104393059
302019 1.26611911112 0.011496060026
305313 1.1855372932 0.0108060015109
306121 1.2493650203 0.0106205331229
302026 1.26652315489 0.0117435009387
302029 1.26681531635 0.0116083152387
302031 1.26670633096 0.0117008210865
302033 1.26694158022 0.0115383667324
302034 1.26871595846 0.0117487296378
302036 1.2671553382 0.0114460563633
302037 1.26818119306 0.0116524726798
302038 1.26735752101 0.010892810521
305208 1.17747827536 0.0107531378481
302040 1.26703947004 0.0114873189284
302041 1.26725144496 0.0112824262105
302042 1.26730041219 0.0116188848417
302043 1.26739057342 0.0116354217065
306153 1.25195877342 0.0105189665262
306154 1.25209158669 0.0104649792805
306155 1.2520949808 0.0104437375772
297469 1.01123789373 0.00449594420284
304119 1.04687756568 0.0076744068971
304120 1.04683086198 0.00770676368492
306169 1.25309420744 0.010513720097
306170 1.25337977163 0.0107509087671
306171 1.25321401907 0.0102570542795
304125 1.04711717664 0.00773231043287
304144 1.04817274594 0.00775038838071
302596 1.42173252349 0.00463860326228
304158 1.04896111656 0.00774342660049
304169 1.04962303294 0.00775154083765
304170 1.04963534992 0.00771008805949
300079 1.30495287821 0.00702516506901
302131 1.32385892824 0.00464092490919
300087 1.30621464536 0.0074211381431
304196 1.05137211846 0.00740153463683
304197 1.0514923537 0.00759398981811
304198 1.05154796728 0.00749122473208
304199 1.05047614967 0.00916182622035
304200 1.05142465618 0.00770282263492
300105 1.30931809804 0.00689562560228
300106 1.30970211699 0.0072037169045
300107 1.3097895134 0.0075235604334
304204 1.05166792094 0.0076762496843
302159 1.32977338116 0.00458417207653
304209 1.05191815875 0.00770117129483
302163 1.33058148567 0.00457841548415
302165 1.33084781133 0.00479023663552
302166 1.33144014755 0.00509040238585
300122 1.31252088098 0.00722514710896
300123 1.31271320679 0.00726066752761
300124 1.312465945 0.0073873746818
300155 1.31831747078 0.00719293291336
300156 1.31828202435 0.00704494991375
300157 1.31861473978 0.00731407517926
302225 1.34360815541 0.00461315616793
302228 1.34429953819 0.00459313927338
302229 1.34448210068 0.0046045572758
302240 1.34684758191 0.00462917671427
304291 1.0564662209 0.00763973376913
304292 1.05659671774 0.00768349914451
302262 1.3514911449 0.00459308892719
302263 1.35158171398 0.00465573562122
304671 1.07776476313 0.00782073919517
303989 1.05957926742 0.00916533625808
304672 1.07779807575 0.00789018969
300226 1.33110324935 0.00710453173879
302277 1.35462172875 0.00456429594388
302279 1.35489420382 0.00470390698061
302280 1.35511589334 0.0046223103732
300233 1.33213958339 0.00715561151064
300234 1.33235593985 0.00713453305594
300235 1.33258591907 0.00717968905746
300236 1.3327387979 0.00717407665602
300237 1.33294550946 0.00721540514781
300238 1.33310758433 0.00731093721645
300239 1.33327964391 0.00724733462196
300240 1.33348198202 0.00731673483633
304354 1.06010542359 0.00769674315139
304366 1.06066292672 0.00776274534844
302322 1.36410280073 0.00459865984089
306422 1.27343649974 0.0103831073475
306423 1.27305636055 0.0103869630235
300280 1.34055044765 0.00706292324079
306425 1.27189847597 0.0104151666672
300282 1.34087300734 0.00722564312851
300283 1.34135928161 0.00721395112809
300284 1.34120965118 0.00718325194762
306432 1.27388052526 0.0103735018047
302337 1.36725140478 0.00453063466538
302342 1.36847642199 0.00452105299126
302343 1.36835342565 0.00463241075658
302344 1.36872512565 0.00463749883844
302349 1.37318003524 0.00355969770561
302350 1.36999228042 0.00476594923651
306454 1.27566901772 0.010302017992
306037 1.24292238547 0.0103217788643
306456 1.2758233892 0.0103892301993
306458 1.27567744586 0.0104869715522
306459 1.27594631063 0.0104421699042
306460 1.27615264688 0.0099216759515
306462 1.27656974539 0.0103012780845
304333 1.05884698373 0.00774022646569
302388 1.37781794402 0.00459334785184
302392 1.37872717013 0.0046464639451
302393 1.37899918193 0.00463131703322
304446 1.06528630682 0.00782355192985
304447 1.06526161423 0.00775683626627
304448 1.06352194414 0.00868298865853
304449 1.06565785708 0.00734620250124
304451 1.06521191053 0.00772447015818
305377 1.19048141459 0.0106428360425
300364 1.35548100086 0.00715359315956
300365 1.35542671636 0.00761670182477
300373 1.35751931979 0.00688473760824
300374 1.35786517392 0.00670638702708
300375 1.35733229236 0.00725801111402
300389 1.20347282932 0.0116827626256
300390 1.20386419669 0.0114420621436
300391 1.20400134833 0.0114586634851
300393 1.2037760192 0.0116656448813
300394 1.2037878887 0.0115812755889
300395 1.20386342292 0.0118511429082
300396 1.20482147384 0.0113356803141
300397 1.20435567049 0.0115423140782
300398 1.20516223564 0.011420410949
302448 1.3905467981 0.00463853967196
300401 1.20474915364 0.0116929245865
304505 1.06847377335 0.00786433516338
304506 1.06857417858 0.00777479110782
304507 1.06866309197 0.00775116335464
304508 1.068625592 0.00773792444031
302472 1.39560400322 0.00461404477383
302473 1.39584608902 0.00458277639767
302474 1.39597804552 0.00461387709719
302476 1.39645599742 0.00466201666087
302479 1.39704459118 0.00467989131541
302484 1.39808395021 0.0046352962185
302485 1.398392083 0.00460351263197
302487 1.39866015598 0.00396803288878
302491 1.39715572185 0.00196599960327
302492 1.39964475759 0.0047048512915
302494 1.40020582474 0.00463490426994
300459 1.21071723957 0.0115160936164
302509 1.40351998515 0.00457671896357
300462 1.21108479925 0.0115501795237
300463 1.21105643968 0.0114964371078
300464 1.21124200195 0.0117390105637
302513 1.40435582265 0.00455890803185
300466 1.21140765638 0.0117019803624
300467 1.21166354033 0.0118503114174
302523 1.40640467173 0.00461752738122
302525 1.4068237019 0.00460930239672
302526 1.40699179636 0.00466276114431
300497 1.21478297769 0.0115267089892
300500 1.21398434446 0.0144808144992
302550 1.41204932212 0.00451267875797
302551 1.41249192705 0.00446414610766
302553 1.41275504307 0.00466582418633
302554 1.4135039486 0.00396455829783
300514 1.21639441293 0.0115449254094
300515 1.21631037932 0.011695221969
300516 1.21638090865 0.0117261251578
300517 1.21660526156 0.0117356243112
302566 1.41546315814 0.00454848671497
302567 1.41555258495 0.00457015411395
304616 1.07476349093 0.00777216633291
302570 1.4163203373 0.0046214333733
302571 1.41660155229 0.00460078131025
302572 1.41662426661 0.00462673136699
302573 1.41686282211 0.00466062418743
304625 1.07524853017 0.00780634325265
304626 1.07531809171 0.00764872086729
300538 1.21876628452 0.0115411906767
300539 1.21907146065 0.0115914230753
300545 1.21979793756 0.0116069193903
300548 1.22033346348 0.0118245086967
302597 1.42196473711 0.00467018941035
300551 1.22013987395 0.0116529905676
300552 1.22071041702 0.0116633899773
300558 1.22073009808 0.0116431472502
304655 1.07696950334 0.00778026114327
300560 1.22108311764 0.0117293160761
304661 1.07729353992 0.00769450425728
304662 1.07733338389 0.00779644737518
304663 1.07736852827 0.00779895700651
300574 1.22260125992 0.0117270745264
300575 1.22278495934 0.0116968846034
300576 1.222788152 0.0116406112343
302634 1.42981179532 0.00465426273677
302635 1.42996356635 0.00461332700827
302651 1.43330657307 0.00460016138341
302654 1.43388848611 0.00467041398604
299616 1.22282745538 0.00713604078475
297227 1.53469751443 0.00408989421974
302661 1.43532746319 0.00461254183117
299617 1.22321163452 0.00713349971996
300631 1.22831866744 0.0116571328584
300632 1.22804044062 0.0116024622038
300633 1.2286292657 0.0116124355354
300635 1.22846297675 0.0117869133707
300636 1.22880193679 0.0117580098967
304737 1.08161978759 0.00773654305406
304738 1.08172202089 0.00772835732963
304739 1.08192241624 0.00795085700402
304740 1.08163877634 0.00780493528694
300673 1.23291229067 0.0117996438031
300676 1.23294615982 0.0113548420774
304776 1.08413205414 0.00747383539297
304777 1.08399845564 0.0076605304033
304778 1.08393729023 0.00768897063976
306455 1.27562177901 0.0102546534765
304797 1.0849881587 0.00774859322542
300117 1.31172344244 0.0070369793482
298678 0.990560095786 0.0048214495182
306122 1.24959316285 0.0105236298949
300742 1.23985198024 0.0116212031969
306125 1.24975181247 0.0105008924104
300777 1.24338719119 0.0115588920934
300780 1.24312118495 0.0117805191774
300785 1.24398182206 0.0116688049285
301694 1.24487981337 0.0115314327277
306134 1.25075053933 0.0104876396596
300806 1.24649851205 0.0116224974104
300811 1.24683255395 0.011628766032
300812 1.24630791691 0.0118906169491
300816 1.24723294509 0.0115781151648
300817 1.24741669182 0.0116523298567
306137 1.25018234739 0.0103201493854
306138 1.25063156159 0.0104880254941
306139 1.25073378697 0.0103955675045
305237 1.17981132854 0.0106816762072
299329 1.09260451366 0.00365283825734
305040 1.16417784742 0.0107638802611
305043 1.1646795225 0.0105290946138
305044 1.16462160041 0.010648385628
305045 1.16480066506 0.0105827434038
305046 1.16478614104 0.0106219102404
305059 1.16585828654 0.0107034881146
305062 1.16554043169 0.0102602823619
305063 1.1659524988 0.0107274707202
305064 1.16594815808 0.0107276214335
305081 1.16722205148 0.0108567888356
298998 1.03770856732 0.0
305112 1.16982754849 0.0106869147763
305113 1.16991360126 0.0105655601585
305114 1.16990459256 0.0108557883455
301392 1.22586860515 0.0116609107176
298996 1.03760419222 0.00386951221404
301046 1.20297658174 0.0115722462437
299000 1.03898494221 0.0036203137056
