305178 1.06573350425 0.00527636560208
305179 1.06584307857 0.00527982951748
301086 1.07490438989 0.0070348394712
305183 1.0662064273 0.00527692338714
299042 1.04847877386 0.00366397523527
305188 1.06649041406 0.0052354082928
305202 1.06744069023 0.00522899366553
305204 1.06753222645 0.00523506787796
299061 1.05307283215 0.00255313612056
299062 1.05437489375 0.00218027870904
305207 1.06769937501 0.00532775749251
299064 1.05583687142 0.00152611903012
299065 1.0520286928 0.00331881826316
299067 1.05518479578 0.00297544057802
301141 1.07825394604 0.00706775010109
301142 1.07834453138 0.00697272843064
299096 1.06152257071 0.0
305247 1.0703364096 0.00533485912191
297056 0.931430931288 0.00275179832553
297057 0.931412482828 0.00276577265591
301161 1.07945910056 0.00693632764509
301165 1.07970568708 0.0069716393745
299369 1.10998048524 0.00286780983388
301180 1.08043376116 0.00691327256054
301183 1.08088014786 0.00694288264372
305282 1.07261312315 0.00539380147892
297099 0.931118321992 0.00279732970715
297100 0.931101116283 0.00280380023104
297101 0.931042706431 0.00280832403584
306135 1.12799216428 0.00523124131844
297113 0.930969685874 0.00280715036772
297114 0.930993708399 0.0027442308924
305310 1.07441701355 0.00530186936195
305311 1.07443954144 0.00515718049819
305312 1.07459012138 0.00516820681305
300400 1.0734056855 0.00697163181441
305314 1.07460429989 0.00525875411541
305862 1.11030618722 0.00523091162985
299178 1.07216669734 0.0
299184 1.07703523883 0.00149216823961
299185 1.07738841095 0.00371697704966
305336 1.0762530529 0.00524848562603
305341 1.07656625765 0.00524947669884
305351 1.07711879983 0.00525625644311
305186 1.06639431708 0.00527375898017
305358 1.07771257751 0.0053029686834
305364 1.07799947012 0.00527393142809
305365 1.07800988007 0.00526954265974
305366 1.07815284427 0.00528438149163
297176 0.930556397982 0.00281159373601
297177 0.93055343546 0.00280333207783
297178 0.930512006449 0.00283122764821
297179 0.93053837655 0.00281038867385
297180 0.930505222365 0.00283793613649
297181 0.930595437038 0.00276053181368
305376 1.07867486499 0.00531142997538
301281 1.086226562 0.00696108362089
301283 1.08640006593 0.00695466280303
301298 1.08733119436 0.00698270488987
297211 0.93037775632 0.00275695266678
305405 1.08075922155 0.00537247732043
305406 1.08083890634 0.00534589968464
297215 0.930321322479 0.00278177921503
297218 0.930386081633 0.00271746025948
297219 0.930277460803 0.00278755528097
297224 0.930270411337 0.00275809500151
297225 0.930104415204 0.00279669375825
301323 1.08872451018 0.00696945429943
301330 1.08905606623 0.0069655890033
306048 1.12235675336 0.0052849436135
305440 1.08288964739 0.00534644726656
305441 1.08296188647 0.0053296028357
301359 1.09069245372 0.00699905014948
299317 1.10475780144 4.4196844101e-05
299325 1.10471980447 0.00155967929013
299326 1.10199292485 0.0
299327 1.10474889345 0.0
297281 0.976741481421 0.00275418775298
297286 0.976817972993 0.00280652464834
301384 1.0922777536 0.00701397129422
302663 1.13095725109 0.00759250158202
297292 0.976871053656 0.00279912033469
297293 0.976794963292 0.00287126169739
301391 1.09278560391 0.00696606831855
297296 0.9769132039 0.00282050592857
301393 1.09234679512 0.0070256310657
301394 1.0947170867 0.00693541162879
301396 1.09276632912 0.00706020662501
301397 1.09295548578 0.00696374763118
301398 1.09338789662 0.00724473852482
301399 1.09296584296 0.00698327368213
297308 0.977128042205 0.00280853392432
299368 1.11238069424 0.00266663888903
301417 1.09399007156 0.00702104373604
299370 1.11171234091 0.00304466472194
305516 1.08791889614 0.00530242282095
305517 1.08793440274 0.0053320263373
305518 1.08811339669 0.00533207509431
299380 1.1089513139 0.0
299381 1.10256750746 0.0
299394 1.12158920868 0.0
299396 1.1178109546 0.00111769121986
301447 1.09583816079 0.00695774842748
301448 1.09596743582 0.00697084370139
301449 1.09602996612 0.00694408194962
301450 1.09590394835 0.00696079794364
297359 0.977947027557 0.00277445522594
301461 1.09667764811 0.00695637770039
299420 1.12060167551 0.00342419743538
301472 1.09725364398 0.00700565871087
301475 1.09751149096 0.00672619718297
301476 1.09752613733 0.00701960182919
301480 1.09737014634 0.00696270776961
305586 1.09250433986 0.00527519974118
299443 0.976687870212 0.00282140766737
305588 1.09263345526 0.005386531903
305590 1.09274679905 0.00526165268415
299450 0.976647556706 0.00286599862286
297411 0.978736950894 0.00278777171251
301519 1.10001405263 0.00696793453018
297424 0.978987454586 0.0027518766841
297425 0.978974507941 0.00275224987405
297426 0.979009432476 0.00274263405981
301524 1.10015649178 0.00699698650412
299477 0.976584586833 0.00277251901021
299478 0.976418528675 0.00292555421484
299479 0.976536443326 0.00287666317267
301529 1.1008648579 0.00703335764511
301530 1.10067040902 0.00701124087273
301531 1.10062553972 0.00695507952768
301532 1.10065451903 0.00699439393399
305636 1.09583303702 0.00527894317474
297467 0.979573279128 0.00282746920796
297468 0.97973276639 0.00270355174524
302328 1.09567638387 0.00754892935896
301567 1.10298307448 0.00693847127263
297474 0.979729906223 0.00276644865452
297483 0.979905904503 0.00273800975782
297484 0.979886342599 0.00279094946867
297485 0.979891601197 0.00277122717129
297486 0.979920706718 0.00276765131495
297487 0.979924250557 0.00276858401363
297488 0.979985370712 0.00276819154114
297503 0.980184960418 0.00277689841954
297504 0.980231881041 0.00276947996068
297505 0.980193858136 0.00279696138855
304562 0.9637009685 0.00490710205663
301627 1.10609592414 0.00700885794383
305248 1.07046660465 0.00533292234645
305249 1.07076884502 0.00498421020038
299592 0.975978849286 0.00286222908306
299593 0.97598507919 0.00284522644665
299594 0.975967841563 0.002906418558
299595 0.975911830487 0.00292397541033
299597 0.975907843225 0.00286152193034
297557 0.981028931399 0.00275608442147
297558 0.981027843237 0.00278072494241
297562 0.98105307623 0.00281160322369
297563 0.981103325177 0.00277395413632
299614 0.975861210349 0.00285739817978
301664 1.10848554529 0.00697483667495
301665 1.10835539705 0.00699146903894
305766 1.10401842213 0.00524501561932
297599 0.981666200021 0.00276575432378
299649 0.975742911524 0.00282167923201
297603 0.981752597272 0.00276774484857
297604 0.981739608529 0.00279329654714
297605 0.981741334731 0.00280147552222
297606 0.981777061727 0.00278315795182
305809 1.10692884307 0.00516161054817
297620 0.982036005772 0.00274964868618
305814 1.10720393271 0.00522055719663
305821 1.10755662217 0.00523433322647
305832 1.10814642762 0.00522572588523
305840 1.1088057001 0.00524017625016
305842 1.10899395841 0.00528616527664
297656 0.982570170764 0.00279186975503
297665 0.982714115578 0.00278810727461
297666 0.982759646009 0.0027453953287
297671 0.982848401733 0.00270185590072
297674 0.982927762499 0.00268480080691
297675 0.982862062419 0.00277430690391
297678 0.983063363151 0.00303427131514
303824 1.08193768361 0.00766168674981
303825 1.08181106582 0.00762803744514
303832 1.08349184569 0.00758742617643
304654 0.966293645533 0.00489805179851
303838 1.08481563968 0.00758546505166
305898 1.1126997456 0.00522963159693
305902 1.11290344312 0.00527730414444
302548 1.11872791717 0.00754638605941
297722 0.98365920445 0.00271482182874
297723 0.983649663922 0.00274819937228
297430 0.979048524829 0.00276998335966
297431 0.979062492514 0.00278779344272
303885 1.09454249951 0.00759341323915
299480 0.97652715052 0.00280592971844
299481 0.976450422558 0.00290412102293
297434 0.97910659673 0.00278171388092
297435 0.979122547256 0.00276908643683
305967 1.11714369118 0.00528735488852
297429 0.979031104936 0.00277584910667
303948 1.10759664096 0.00760429296431
299149 1.07431538211 0.0
301912 1.122673158 0.00693626288341
301913 1.12224749156 0.0069973804753
301914 1.12305222928 0.00696475652885
302565 1.11890307619 0.00737126969684
306029 1.12101782409 0.00531543050785
306030 1.12108211737 0.00532171975608
306036 1.12208081941 0.0049000481318
301941 1.12437312528 0.00694367360819
306038 1.12172960829 0.00525079934339
306041 1.12191464573 0.00524795015251
306042 1.12198087451 0.00521837598872
303998 0.948022967532 0.00490018346831
303999 0.948046106119 0.00490138175062
304000 0.948014801793 0.00495917552743
306049 1.12244189843 0.00520739592269
306051 1.12274005489 0.00510317915263
301959 1.12534980853 0.00697474093437
301960 1.12566453342 0.00704924667067
301969 1.12567423775 0.00696499414863
301970 1.1259658263 0.00697329058094
301984 1.12687145601 0.00694803470126
301985 1.12679227383 0.00701213494277
301986 1.1267692521 0.00697802431203
301987 1.1268442594 0.00699510065349
297432 0.979095495558 0.00276880913263
306093 1.13141204846 0.000534355640411
306091 1.12511628993 0.00520922732933
306092 1.1252570034 0.0052193750121
301997 1.12758137472 0.00694959980218
301998 1.12753784355 0.0069966707656
306095 1.12545380054 0.00518431220031
304062 0.949763578996 0.00494478294511
297433 0.979083086638 0.00279597033128
302019 1.12893060579 0.00694082895105
305313 1.07453996065 0.00524595443055
306121 1.12727743406 0.00513200229371
302026 1.12954457229 0.00694791699476
302029 1.12956156228 0.00697854041314
302031 1.12951884171 0.00699184412576
302033 1.1296845389 0.00692078087834
302034 1.13002165836 0.00697777300433
302036 1.12972048386 0.00701228496846
302037 1.13063343214 0.00691079007254
302038 1.13079323739 0.00672211535523
305208 1.06771828193 0.0052453724158
302040 1.12992948326 0.00693301607877
302041 1.13005273468 0.00685282155538
302042 1.13023883435 0.00696930961673
302043 1.12989010267 0.00707822980412
306153 1.12915232753 0.00518232865797
306154 1.12929332575 0.00519614375157
306155 1.12938162051 0.0052067940617
297469 0.979767218947 0.00269259644979
304119 0.951440771164 0.00491809797551
304120 0.951424701609 0.00493743589327
306169 1.13013774795 0.00528499291392
306170 1.13000342364 0.00534540638948
306171 1.13026488138 0.00514369900296
304125 0.951494518722 0.00493984602553
304144 0.952075758081 0.00491676471493
302596 1.12383992025 0.00752991061831
304158 0.95242253882 0.00493228747822
304169 0.95277150671 0.0048832892667
304170 0.952745413959 0.00494065870423
300079 0.973699628526 0.00288368055697
302131 1.07491682609 0.00759106410006
300087 0.973671799953 0.0028502995708
304196 0.953284519303 0.00496286037438
304197 0.953600239392 0.00509405982083
304198 0.953595778183 0.00480756946385
304199 0.952918647447 0.00508505370306
304200 0.953627678086 0.00494158196803
300105 0.973796814301 0.00267817054344
300106 0.973604120149 0.00277525107806
300107 0.973602466416 0.00288719490999
304204 0.953777408485 0.00492334534933
302159 1.07796768626 0.00763221253423
304209 0.953897776632 0.00492190872675
302163 1.07816394864 0.00762409503694
302165 1.07799604399 0.0073875995708
302166 1.07818929654 0.00737058213949
300122 0.973512224254 0.0028759773864
300123 0.973466792795 0.00288260147355
300124 0.9733501349 0.00295374806954
300155 0.973374670949 0.00284997088899
300156 0.973264136685 0.00294002875839
300157 0.97333061154 0.00289280936637
302225 1.08479485227 0.0075744398459
302228 1.0851163155 0.00754696238251
302229 1.08529236467 0.00747330965549
302240 1.08645127474 0.00752364425
304291 0.956133495144 0.00493392060524
304292 0.956199031818 0.00491124801067
302262 1.08899136757 0.00741701725983
302263 1.08877081223 0.00756654292575
304671 0.96676795473 0.00485590395836
303989 1.11643371327 0.00760343345542
304672 0.966792707362 0.00481500076362
300226 0.973088804656 0.00282016512607
302277 1.09039390055 0.00756991409819
302279 1.09053269444 0.00741830196077
302280 1.09047848386 0.00750626267289
300233 0.97312174168 0.00271913469786
300234 0.97299231084 0.00284270430991
300235 0.973038352702 0.00281822038461
300236 0.973016249813 0.00280766965623
300237 0.972986258595 0.00284418493883
300238 0.972933263511 0.00286558810188
300239 0.972951219643 0.00285430417072
300240 0.972945674386 0.00291932859576
304354 0.957962395037 0.00490036394234
304366 0.958229451897 0.0049060875857
302322 1.09512748051 0.00754889566372
306422 1.14666276827 0.00527681423654
306423 1.14674864072 0.00524625114342
300280 0.972782772091 0.00285364985374
306425 1.14956047947 0.00451410065718
300282 0.972845873846 0.00283559212873
300283 0.972853327175 0.00283016235765
300284 0.972785354407 0.00286512273236
306432 1.14728401957 0.00527079073354
302337 1.09663427536 0.00752246346443
302342 1.09758821695 0.00741620292042
302343 1.09715542798 0.00756946617902
302344 1.09732081371 0.00758636738782
302349 1.10535091065 0.00429356840833
302350 1.09800195616 0.00757467018256
306454 1.14870303752 0.00523401631507
306037 1.12135942892 0.00510848367791
306456 1.1487600409 0.00526178266126
306458 1.14899633152 0.00521789038148
306459 1.1490208557 0.00521296549043
306460 1.14884075201 0.00536103952441
306462 1.14927758626 0.00514426498864
304333 0.957324727947 0.00490584412999
302388 1.10189472696 0.00762953101051
302392 1.10234279159 0.00754982557445
302393 1.10238223927 0.00758782746538
304446 0.960518827591 0.00487245530427
304447 0.96052850719 0.00485099004443
304448 0.958762672282 0.00511818765968
304449 0.960536414323 0.00541309018457
304451 0.960478445928 0.00505918389677
305377 1.07890065367 0.00530372266746
300364 0.972507790672 0.0027590251982
300365 0.972267441769 0.00294550422904
300373 0.972563942652 0.00269157017573
300374 0.972451829008 0.00264282206187
300375 0.972354576229 0.00289690145846
300389 1.07270034158 0.007025732832
300390 1.07289856135 0.00700967589544
300391 1.07281282095 0.00692244073198
300393 1.07295768719 0.00692353633866
300394 1.07299955333 0.00702866459528
300395 1.07286705213 0.00697642339407
300396 1.07311877882 0.00690318153939
300397 1.07302679929 0.00693521882884
300398 1.07337857709 0.00686531744482
302448 1.10830797739 0.00758769807052
300401 1.07346998737 0.00697876892233
304505 0.962178716559 0.00483401274653
304506 0.962207782238 0.00484264748648
304507 0.962234670725 0.00491012733451
304508 0.962114049711 0.00491960963815
302472 1.11076110837 0.00760425967364
302473 1.11074553292 0.00761036217029
302474 1.11074854443 0.0075915508815
302476 1.11114466835 0.00755314060536
302479 1.11148952967 0.00752916472533
302484 1.11197420874 0.00744576588723
302485 1.11214558842 0.00753821027892
302487 1.11436278626 0.00487387718987
302491 1.11243119021 0.00739877341308
302492 1.11236922629 0.00744697459889
302494 1.11305663081 0.00756683106207
300459 1.07704291044 0.00698110496504
302509 1.1148425369 0.00763831086591
300462 1.07734441784 0.00690945668821
300463 1.07736399774 0.00684933973921
300464 1.07755785449 0.00698689875185
302513 1.11529432863 0.00758178692207
300466 1.07754302131 0.00699072504124
300467 1.07766980869 0.00705826316931
302523 1.11626302698 0.00755454346179
302525 1.11648615435 0.00754181888273
302526 1.11649029879 0.00753927724101
300497 1.07971446098 0.00692589902088
300500 1.07704051038 0.00672917646141
302550 1.11889999829 0.00761476109989
302551 1.1193907601 0.00699344428469
302553 1.11937791693 0.00762058640763
302554 1.12026623866 0.00750448755725
300514 1.08055150806 0.00696089198995
300515 1.08062237965 0.00696991194797
300516 1.08084437517 0.00697772956467
300517 1.08075545486 0.00696207317123
302566 1.12117784941 0.00753750996117
302567 1.12066123239 0.00750924842318
304616 0.965222131083 0.00487022587116
302570 1.12152970912 0.00738110690926
302571 1.12151020304 0.00751725842802
302572 1.12126055336 0.00754333250768
302573 1.1214392909 0.00758127742383
304625 0.965530676197 0.00484210845966
304626 0.96554088071 0.00494982809049
300538 1.08212445399 0.00700864480142
300539 1.08225785779 0.00693363573302
300545 1.08268625187 0.00690014848178
300548 1.08312140191 0.00705320705869
302597 1.12392260472 0.00759801151177
300551 1.08303612085 0.00695370231922
300552 1.08302689872 0.0068291940258
300558 1.08337630321 0.00695827641095
304655 0.966317882342 0.00485644104662
300560 1.08349479157 0.00694586222855
304661 0.966408017211 0.00498515736971
304662 0.966477590402 0.00489951533765
304663 0.966537973088 0.0048604524249
300574 1.08453959387 0.00697347856084
300575 1.08458197947 0.00702673701887
300576 1.08452976366 0.00698473941001
302634 1.12799170478 0.00751739867019
302635 1.12801441136 0.00748418605713
302651 1.12961585655 0.00759555099755
302654 1.12985482041 0.00756811377378
299616 0.975887900041 0.00283825145666
297227 0.930213198709 0.00275866089014
302661 1.13056446385 0.00760387019505
299617 0.9757838365 0.00288215152534
300631 1.08785218043 0.00691457220143
300632 1.08785125176 0.0069715204696
300633 1.08819690717 0.00695725881074
300635 1.08826588566 0.00689506992412
300636 1.08823970565 0.00701616333588
304737 0.968583370365 0.00501224572616
304738 0.968630792302 0.00488728629505
304739 0.968932203874 0.00477933958786
304740 0.968595482345 0.00482805640681
300673 1.09077533718 0.00695008386104
300676 1.09058977688 0.00691213158575
304776 0.969668147669 0.00499491979516
304777 0.969713851563 0.0049347140718
304778 0.969674177674 0.00488389955043
306455 1.14861015149 0.00514820816177
304797 0.970263276005 0.00487433767849
300117 0.973552992668 0.00285502527353
298678 0.982749615035 0.00164724977345
306122 1.12728301728 0.00517211244795
300742 1.09501489582 0.00697359153772
306125 1.12746349582 0.0051796048597
300777 1.09732528471 0.00695769075515
300780 1.09702656913 0.00699893764437
300785 1.09773015036 0.00698884055208
301694 1.10999406965 0.00695379906353
306134 1.12801784828 0.00510480414075
300806 1.09917520683 0.00694926038399
300811 1.09946583898 0.00694560502336
300812 1.09904449702 0.00701446752033
300816 1.09958577891 0.0069643539654
300817 1.09972809994 0.00696127325581
306137 1.1282887134 0.0053718273962
306138 1.12817319913 0.00523034525292
306139 1.12821250771 0.00524501590381
305237 1.06968529202 0.00529183892714
299329 1.10530900149 0.00235908631953
305040 1.05685371292 0.005264222115
305043 1.05706685687 0.00525417020932
305044 1.05724716379 0.00523659774703
305045 1.05724151594 0.00528172582742
305046 1.05730315483 0.00528775056797
305059 1.05822140136 0.0052656219068
305062 1.05889667894 0.00525602880994
305063 1.05834470736 0.00527922465683
305064 1.0584490478 0.00524666459889
305081 1.05952960122 0.00524646337918
298998 1.04530379796 0.0
305112 1.06152440017 0.00526616342825
305113 1.06162218914 0.00530821817248
305114 1.0615727179 0.00530945151742
301392 1.09278672935 0.00697535674133
298996 1.04112823137 0.00266613720593
301046 1.07260848491 0.00691210106689
299000 1.04045597768 0.00205043926624
