305178 1.00442262471 0.00999449418826
305179 1.00526479165 0.00988714844046
301086 1.05227854152 0.00278679161426
305183 1.00499510072 0.0099193695107
299042 1.05495971971 0.00206344888386
305188 1.00507357962 0.00993678531215
305202 1.00558135279 0.00994101246768
305204 1.00578581448 0.0098967665114
299061 1.0577478062 0.00258933828552
299062 1.05916381405 0.00284850697091
305207 1.0059703244 0.00976412025576
299064 1.05902943965 0.00192552770121
299065 1.05780301724 0.00231182977023
299067 1.05790937366 0.00258386119622
301141 1.05254538202 0.00266106285594
301142 1.05235673184 0.00279708395572
305247 1.00752033105 0.00977019301546
297056 1.17057263843 0.00277411037734
297057 1.17062426833 0.00276808258304
301161 1.05236090039 0.00277648608231
301165 1.05242976536 0.00279050556124
299369 1.11738178859 0.00372098249198
301180 1.05235014584 0.00280156954564
301183 1.05240629267 0.00279490773886
305282 1.00860798724 0.00946287019728
297099 1.17183400569 0.00280867158298
297100 1.17185691118 0.00281716443803
297101 1.17185319158 0.00282863964654
306135 1.04337412541 0.00980474016268
297113 1.17219491293 0.00282507950935
297114 1.1722454808 0.00278239335612
305310 1.00983719411 0.00983062664955
305311 1.01013338478 0.00990214885104
305312 1.01033200301 0.009814623547
300400 1.05243756738 0.00279568541536
305314 1.01000283131 0.00994727179451
305862 1.03234088121 0.00983749133594
299178 1.07530668574 0.0
299184 1.08123169929 0.00381647066265
299185 1.08405105615 0.000849677872042
305336 1.01101790142 0.00982107026957
305341 1.01105595953 0.00988921018408
305351 1.0113346914 0.00991924438038
305186 1.00506065597 0.00993374101777
305358 1.01167969632 0.00988803815629
305364 1.01186800252 0.00988153415505
305365 1.01197210664 0.00987077216216
305366 1.01225330291 0.00988592997859
297176 1.1740828641 0.00280607444191
297177 1.17414428095 0.00280305075609
297178 1.17413395284 0.0028315560865
297179 1.17417692237 0.002801893228
297180 1.17427511986 0.00279303672761
297181 1.17441701778 0.00274601193175
305376 1.01267657623 0.00975412055803
301281 1.05244725166 0.00280704458986
301283 1.05247213919 0.00277795869849
301298 1.05246985425 0.0027939180144
297211 1.17518406904 0.00278889998265
305405 1.01376430749 0.00962885983497
305406 1.01381331061 0.00976494780177
297215 1.17531933586 0.00277140391494
297218 1.17549163434 0.00276345526161
297219 1.17538610522 0.00282038096077
297224 1.17555625443 0.00282283001335
297225 1.17556239677 0.00294508721596
301323 1.05247717649 0.00279797513993
301330 1.05250542771 0.00277756752397
306048 1.03967870535 0.00978515715805
305440 1.01546046865 0.0096069311737
305441 1.01548281891 0.00971463729093
301359 1.05245237962 0.00282564035
299316 1.10893835257 0.0
299317 1.10742379196 0.0
299318 1.10946720069 0.0
299325 1.11049868132 0.00302267732569
297281 0.976864252711 0.00274828565915
297286 0.976574812382 0.0028585332364
301384 1.05251481128 0.00280780243146
302663 1.08025351428 0.00523369881319
297292 0.976367517693 0.00280445689093
297293 0.97631889308 0.00287864185888
301391 1.05258146614 0.00277221231653
297296 0.976204973597 0.00280938388267
301393 1.05265026574 0.00258151093973
301394 1.053242404 0.0025156488271
301396 1.0525853006 0.00282264580276
301397 1.05255493267 0.00276332918399
301398 1.05263305618 0.00251598144638
301399 1.05248176962 0.0028262718454
297308 0.975735738443 0.0028110256062
299368 1.11976919887 0.0017488217578
301417 1.05252720902 0.00277290051034
299370 1.12098174989 0.00200830085576
305516 1.01843886112 0.00975845322368
305517 1.0183990395 0.0097772130692
305518 1.01836173802 0.00975284583457
299380 1.11440785386 0.0
299381 1.11892277337 0.0
299394 1.12099594224 0.0
299395 1.12763608735 0.0
299396 1.12379016434 0.00176399946213
301447 1.05253815861 0.00278059917203
301448 1.05252354502 0.00274601610753
301449 1.05259308146 0.00274671264852
301450 1.05253049909 0.00281956283865
297359 0.97394828211 0.00279671461546
301461 1.05256896469 0.00278666117427
299420 1.13065098957 0.000452995300293
301472 1.05255840918 0.00280037322332
301475 1.05251991963 0.00284865982045
301476 1.05261309329 0.00275843920311
301480 1.05250354262 0.00275709568108
305586 1.02111355567 0.00985847286375
299443 0.976742993956 0.00282076138146
305588 1.0212140365 0.00975041784962
305590 1.02120585381 0.00982824202965
299450 0.976935261571 0.00288706164206
297411 0.972032202984 0.00278146310037
301519 1.05264781589 0.00276148288022
297424 0.971561701299 0.00279017535625
297425 0.971543708233 0.00276779515949
297426 0.971524812096 0.00275953080952
301524 1.05257443502 0.00281270681986
299477 0.977631862712 0.00299978618475
299478 0.9777285062 0.00289255760874
299479 0.977813527245 0.00283229659882
301529 1.05255060181 0.00291678848915
301530 1.05256527496 0.00292614597375
301531 1.05263656797 0.00273151660136
301532 1.05263760891 0.0027797768839
305636 1.02306369118 0.00986162040499
297467 0.969968561444 0.00274693238357
297468 0.970017927817 0.00273563065834
302328 1.06230955828 0.00517370113664
301567 1.05267710567 0.00277956341667
297474 0.969769292486 0.00278023302716
297483 0.969444061912 0.0027577488844
297484 0.969348782035 0.00279553306557
297485 0.969296126297 0.00278512734855
297486 0.969300392472 0.00275687862168
297487 0.96927731207 0.00276397549478
297488 0.969241456593 0.00275941526179
297503 0.968692284207 0.00277149545762
297504 0.968650404093 0.00278465671021
297505 0.968590112273 0.00277781772327
304562 0.980973083834 0.00501380624732
301627 1.05267685212 0.0027890631525
305248 1.00740469525 0.00983147015045
305249 1.00695931326 0.0100795762929
299592 0.981211050355 0.00284459903835
299593 0.981270712701 0.00281777022551
299594 0.981247221435 0.00281879129737
299595 0.981299071718 0.00287416133988
299597 0.981353925748 0.00282611769933
297557 0.966731794665 0.00275546908808
297558 0.966671168591 0.00278504355256
297562 0.966513435931 0.00278204242908
297563 0.966480855145 0.00278543574281
299614 0.981882739164 0.00282864664573
301664 1.05271357814 0.00278477431262
301665 1.05268733226 0.00280028170664
305766 1.02873008783 0.00974828280709
297599 0.965166704413 0.00279062314985
299649 0.982947773962 0.00284197838668
297603 0.965043773403 0.00278033175599
297604 0.964982584674 0.00277447468998
297605 0.964937612978 0.00280534482395
297606 0.96490503791 0.00278192226964
305809 1.03033517393 0.0100046744284
297620 0.964422695911 0.00274886569068
305814 1.0306284409 0.00985561616122
305821 1.03115082812 0.00975655063355
305832 1.0319197217 0.00967276953114
305840 1.0319508796 0.00974361748609
305842 1.03185833042 0.00975810821654
297656 0.963075376725 0.002817095753
297665 0.96279405153 0.00273805876977
297666 0.96275180501 0.00274981209594
297671 0.962582151476 0.00269232997427
297674 0.962480281245 0.00272603110991
297675 0.962415496603 0.00278265820841
297678 0.96242094363 0.00286591285535
303824 1.04602657061 0.00526465095188
303825 1.04583108632 0.0052436613888
303832 1.04473648039 0.00525207873807
304654 0.986853035911 0.00502289954346
303838 1.04376960673 0.00524375714549
305898 1.03388091384 0.00985245693441
305902 1.03405855925 0.0097282243699
302548 1.07402828651 0.00515730951326
297722 0.960749537182 0.00274218742567
297723 0.960695219761 0.00275646992146
297430 0.971348464642 0.00276886114605
297431 0.971288094108 0.00278265298754
303885 1.03618218852 0.00525120622056
299480 0.977882319453 0.00276839731351
299481 0.977861309797 0.00284520888634
297434 0.971192963352 0.00276873736912
297435 0.971192166523 0.00273666125695
305967 1.03623235192 0.00976221969861
297429 0.971376059911 0.00278484073809
303948 1.02594943954 0.00526697144621
299149 1.07499458969 0.0
301912 1.05289738621 0.00277537717228
301913 1.0527586796 0.0027842843401
301914 1.05282140091 0.00281032715488
302565 1.07536557041 0.00475151317108
306029 1.03923577554 0.00955970214935
306030 1.03922900529 0.00960033195331
306036 1.03968288174 0.010089200738
301941 1.0529221778 0.00275533047376
306038 1.03942352094 0.00979433107115
306041 1.03955334925 0.00982968402023
306042 1.03957638599 0.00981558802975
303998 0.945049435588 0.00498001789957
303999 0.945069749861 0.00496772032346
304000 0.94490822825 0.00492040022212
306049 1.03990035984 0.00979316334845
306051 1.03977677373 0.00989101182977
301959 1.05289425438 0.00278210664404
301960 1.05301464823 0.00273190206466
301969 1.05287452081 0.00279702637356
301970 1.05287842557 0.00277328260566
301984 1.05293625512 0.00277986969817
301985 1.05292293668 0.00279876706729
301986 1.05288773509 0.00283047854186
301987 1.05289378044 0.00278461520261
297432 0.971273721397 0.00278249082573
306093 1.03627589991 0.000367611646652
306091 1.04164482818 0.00982078538877
306092 1.04160888905 0.00977680634817
301997 1.05296184914 0.0027700565705
301998 1.05293858625 0.00278488338444
306095 1.04175621831 0.00981379757389
304062 0.949089014676 0.00497434794796
297433 0.971205630472 0.00279427833915
302019 1.05292132245 0.00282069425268
305313 1.01003682338 0.0098626468328
306121 1.04249873856 0.00997881726078
302026 1.05302162665 0.00271527827636
302029 1.05302028134 0.00273661330825
302031 1.05295996449 0.00280364494064
302033 1.05285379108 0.00275955685646
302034 1.05306317273 0.00280479736933
302036 1.05308308947 0.00279917872052
302037 1.05275456912 0.00294205193243
302038 1.0530062969 0.00279123151522
305208 1.00621445438 0.00975671497269
302040 1.05294070538 0.00272853217292
302041 1.05301065024 0.00274035507221
302042 1.05299957067 0.00277393905704
302043 1.05289123615 0.00288469435821
306153 1.04415544952 0.00988163462578
306154 1.04409638814 0.00985753249576
306155 1.0439876033 0.00991062218103
297469 0.969996802941 0.00270990341347
304119 0.952852311525 0.00495289416931
304120 0.952813969735 0.00497993345155
306169 1.04455770237 0.0096780368233
306170 1.04473139996 0.0096787163802
306171 1.04474862611 0.00976690159552
304125 0.953136589834 0.00496226156831
304144 0.954334301822 0.00498132140508
302596 1.07662902774 0.00520677976933
304158 0.955210091237 0.00497301260849
304169 0.955922786523 0.00498626809421
304170 0.955972051959 0.00492423483535
300079 0.99586695096 0.0029414362004
302131 1.05167313692 0.00522785467081
300087 0.99607730939 0.00286417510424
304196 0.95750474032 0.00494613163652
304197 0.957732668112 0.00489160125553
304198 0.957994744919 0.00487983452019
304199 0.957535228078 0.00550281094334
304200 0.957887951182 0.00498486854895
300105 0.996632759899 0.00282075109234
300106 0.996702561225 0.0029322700112
300107 0.996656486634 0.00292127589829
304204 0.958208824165 0.00497394960023
302159 1.05323809747 0.00520783760801
304209 0.958534553089 0.0049714619941
302163 1.05335437959 0.00522189982554
302165 1.05333300095 0.00517621549455
302166 1.05356492763 0.0054285330256
300122 0.997170364153 0.00284898434905
300123 0.997206003608 0.00284387624395
300124 0.997067550913 0.00288400535325
300155 0.998184537294 0.0028305162443
300156 0.998227571075 0.0028360660371
300157 0.998208628456 0.0028499406286
302225 1.05674273975 0.00519953420432
302228 1.05694115753 0.00515344654534
302229 1.05695776555 0.00512523881574
302240 1.0575701897 0.00513881979618
304291 0.963605004184 0.00499711253766
304292 0.963821132512 0.00496758881425
302262 1.0587999409 0.00512899673613
302263 1.05875076637 0.00518185506262
304671 0.987890656072 0.00502901575926
303989 1.01955540129 0.0051949924501
304672 0.987788488812 0.00515715095381
300226 1.00034488384 0.00280206075862
302277 1.05956137715 0.00519838969936
302279 1.05937334993 0.00518751361666
302280 1.05962552531 0.00512812718929
300233 1.00066998085 0.0028314786776
300234 1.00058960693 0.00281593309121
300235 1.00062848707 0.00283664053516
300236 1.00064367854 0.00283823828051
300237 1.00067138318 0.002818779553
300238 1.00065127277 0.00283391794331
300239 1.00066763047 0.00283672242201
300240 1.00074599137 0.00281907768792
304354 0.967805610701 0.0049863553837
304366 0.968520985643 0.00500302682346
302322 1.06201438663 0.00518276797547
306422 1.05532606064 0.00969100819037
306423 1.05478209514 0.0097882264603
300280 1.00195925014 0.00282836201415
306425 1.05777184051 0.00980646395017
300282 1.00199990432 0.00286804608696
300283 1.00210764307 0.00273159673495
300284 1.00208411401 0.0028104530875
306432 1.05518018769 0.00985359270709
302337 1.06298933576 0.00505403283076
302342 1.06324658068 0.00499758108181
302343 1.06308012362 0.00520698767548
302344 1.06316373 0.00521608092821
302349 1.0696637476 0.00066065788269
302350 1.06359984519 0.00507183762329
306454 1.05630054009 0.00972960024672
306037 1.03906508933 0.00989586904014
306456 1.0563085089 0.00977044743961
306458 1.05622539636 0.00985402626914
306459 1.05626955165 0.00984745686984
306460 1.05602650099 0.00981184562151
306462 1.05688874737 0.00972002582557
304333 0.966384398536 0.00498959099513
302388 1.0654228235 0.0051798591833
302392 1.06568536138 0.00522932446583
302393 1.06572928275 0.00519624518496
304446 0.973629102981 0.0050045620986
304447 0.9736249363 0.00502012209174
304448 0.972921230886 0.00468846439854
304449 0.97354063945 0.00595439044157
304451 0.973974946553 0.00485188517146
305377 1.01248754968 0.00981498634611
300364 1.00450894862 0.00279707113701
300365 1.0044158977 0.00292788845659
300373 1.00477134639 0.00279529047327
300374 1.00516834669 0.00253887883444
300375 1.00481388899 0.00285717485729
300389 1.05227829046 0.00279348096088
300390 1.05233768702 0.00274577569341
300391 1.05242713971 0.0027072436679
300393 1.05233168912 0.0027049993705
300394 1.05226735808 0.00285976121832
300395 1.05231987931 0.00285591767278
300396 1.05250698117 0.00270685941952
300397 1.0525501954 0.00278612503938
300398 1.05266005904 0.00258585579253
302448 1.06870626748 0.00521302796749
300401 1.0524303854 0.00280085782518
304505 0.977320565755 0.00502943628886
304506 0.977425330808 0.00504231185591
304507 0.977486208238 0.00501143444513
304508 0.977495989636 0.00498226846728
302472 1.06989075014 0.00523746353091
302473 1.06995843298 0.00527585557482
302474 1.06989765261 0.00520062660248
302476 1.07025910241 0.00520050067354
302479 1.07036097181 0.00526812463482
302484 1.07062376793 0.00513473620684
302485 1.07066724535 0.00517904597049
302487 1.07469639845 0.00291047935446
302491 1.06824183728 0.00665753216106
302492 1.07077364079 0.00535248393112
302494 1.07116609513 0.00519063242894
300459 1.0533045216 0.00276520070915
302509 1.07210873808 0.00517125855413
300462 1.05327650168 0.00280119342509
300463 1.05336948392 0.00266417361259
300464 1.05340151347 0.00279268847994
302513 1.07221190066 0.00526819875565
300466 1.05335754197 0.00279428732403
300467 1.05338783371 0.00279077707463
302523 1.0729075925 0.00522580839666
302525 1.07290412144 0.00517652288356
302526 1.07287846106 0.00515633869394
300497 1.05390525835 0.00272617670811
300500 1.05359773154 0.0027716426385
302550 1.07399831193 0.00513180188321
302551 1.07600485293 0.00388232515621
302553 1.07440466884 0.00520479018574
302554 1.0751314283 0.00502108458355
300514 1.05406859386 0.00277816303743
300515 1.0540687098 0.00281263388837
300516 1.05422060461 0.00264781622062
300517 1.05414014575 0.00279472527271
302566 1.07519652087 0.00519678503681
302567 1.07504591768 0.00517703296682
304616 0.984420856787 0.00503205546373
302570 1.0754200408 0.00517615516169
302571 1.07535103578 0.00527101821244
302572 1.0753551065 0.00518602557339
302573 1.0754131294 0.00521522480204
304625 0.984998705189 0.0050450231191
304626 0.985128034894 0.00496947698761
300538 1.05445294484 0.0028232581013
300539 1.05444770383 0.00276578915191
300545 1.05460576258 0.00274774003385
300548 1.05458798517 0.00283066962286
302597 1.07663599066 0.00526072092121
300551 1.05469235596 0.00272766901917
300552 1.05454530775 0.00281698367654
300558 1.05472659179 0.00278713327576
304655 0.986925514537 0.00502506765336
300560 1.0547730116 0.002762021635
304661 0.987327993821 0.00490496869202
304662 0.987339327382 0.00506597814788
304663 0.987391007055 0.00502961450049
300574 1.05494346637 0.00281413663019
300575 1.05502192988 0.00275564332799
300576 1.05499260041 0.00277122697228
302634 1.0787743591 0.00519455711443
302635 1.0787508489 0.00518981898878
302651 1.07963980194 0.00521964727558
302654 1.07974195669 0.00529032923317
299616 0.981938741132 0.00286108437844
297227 1.17569538904 0.00273998460842
302661 1.07990833897 0.00518533610708
299617 0.981940478299 0.0029355477944
300631 1.05570576549 0.00284843279797
300632 1.0558168416 0.00272409947736
300633 1.05578808949 0.00278962687874
300635 1.0558028019 0.00285180308742
300636 1.0558562876 0.00278717412525
304737 0.992072521306 0.00493331447256
304738 0.992226470893 0.00501565727187
304739 0.992309941198 0.00475969888991
304740 0.992178504338 0.00504528107585
300673 1.05646856787 0.00276005774413
300676 1.05631004219 0.00286922052383
304776 0.994880036263 0.00496937545937
304777 0.994747284539 0.00498322073366
304778 0.994806655559 0.00497868451383
306455 1.05629550137 0.00975671567216
304797 0.99593302758 0.00501205246691
300117 0.997134218306 0.00277238019325
298678 0.98376609751 0.000368726389593
306122 1.04270923704 0.00983691310163
300742 1.05742846177 0.0027674495152
306125 1.04281771129 0.00985335656054
300777 1.05793978169 0.00277231556117
300780 1.05780368083 0.00291989272783
300785 1.0579881859 0.00278140647146
301694 1.05272828932 0.00277030879181
306134 1.04324035765 0.0100294014362
300806 1.05836266809 0.00274966964129
300811 1.0583964985 0.00277354717182
300812 1.05823356834 0.00284715104482
300816 1.05839090529 0.00279931091105
300817 1.05847279842 0.00278278870081
306137 1.04349417358 0.00952387387091
306138 1.04337793858 0.00983211175818
306139 1.0433497049 0.00975471835734
305237 1.00702659432 0.00986648952244
299329 1.11288875305 0.00181235636368
305040 0.99897916035 0.00992135926892
305043 0.999532259403 0.00980682728189
305044 0.999276477678 0.0099588617158
305045 0.999357791421 0.009882265421
305046 0.999331574547 0.00982582973962
305059 0.999911100354 0.00991182484446
305062 0.999797882885 0.00972237227393
305063 1.00045303563 0.00998047348917
305064 1.00010886562 0.0099064080812
305081 1.00061240168 0.0101047407306
305112 1.00198896113 0.00997503447615
305113 1.00229330766 0.00996051820967
305114 1.00207306043 0.00992041858649
301392 1.05257396301 0.0027538541801
298996 1.04608315176 0.00101145439401
301046 1.05221730062 0.00286853168199
299000 1.04801116057 0.00167987549707
