305178 1.51791773313 0.00773532167639
305179 1.51815438243 0.00777375089698
301086 1.22310706574 0.00501701676679
305183 1.5186328286 0.00772450906417
299042 1.13437129637 0.00337965180897
305188 1.51916205837 0.00778855012269
305202 1.52079518179 0.00774888971686
305204 1.52100427668 0.00778867139085
299061 1.1327323544 0.00316115981647
299062 1.1346765036 0.00324735693043
305207 1.52131933662 0.00776595408444
299064 1.1338135729 0.00301139792751
299065 1.13681360214 0.00300154855639
299067 1.13696371187 0.00265223614775
301141 1.22779163606 0.00517624994173
301142 1.22765753263 0.00503466597528
305247 1.52596734358 0.00778505950022
297056 1.89663613791 0.00327131479079
297057 1.89673978013 0.00326120189971
301161 1.22925675215 0.00505646066808
301165 1.22969186493 0.00500193065543
299369 1.13186920454 0.0
301180 1.23076795612 0.00512201664988
301183 1.23117287994 0.00503293088512
305282 1.52989027232 0.00773488278968
297099 1.90166577337 0.00326932632426
297100 1.90181364953 0.00326863986465
297101 1.90185158597 0.00327008447634
306135 1.62743593861 0.00773770328635
297113 1.90324782604 0.00326613005324
297114 1.90322618212 0.00324447841478
305310 1.53307324188 0.00774583979844
305311 1.53337698209 0.00774211484015
305312 1.5335802198 0.0077511817107
300400 1.21996720785 0.00507277909235
305314 1.53360750012 0.00775308246122
305862 1.596163557 0.00767210472224
299184 1.13291622423 0.00252357976514
299185 1.1364966957 0.002845287323
305336 1.53603464771 0.00776871712716
305341 1.53676430294 0.00775704070105
305351 1.53782117267 0.00776506023173
305186 1.51901945973 0.00776490647711
305358 1.53870367831 0.00778944365813
305364 1.53930412597 0.00774061692677
305365 1.5394710672 0.007753100555
305366 1.53973903058 0.00776341676819
297176 1.91056980679 0.00326676341959
297177 1.91070526536 0.00326680245816
297178 1.91087289956 0.00326224549281
297179 1.91093609807 0.0032623301697
297180 1.91104841415 0.00329598347092
297181 1.91148691044 0.00332266498393
305376 1.54077866172 0.00782372458573
301281 1.23938720926 0.00509665805947
301283 1.23954365321 0.00510985580329
301298 1.24087179467 0.00509566860036
297211 1.91470413644 0.00329099569071
305405 1.5441327014 0.00780001438561
305406 1.54429148502 0.00779606989506
297215 1.9152722698 0.00327000641044
297218 1.91547970969 0.00329494710126
297219 1.91566964602 0.00327955532811
297224 1.91633063593 0.00327768167566
297225 1.91656171185 0.00326138695966
301323 1.24300334451 0.00509187067472
301330 1.24359111003 0.00507542539416
306048 1.61748079832 0.00771692104187
305440 1.54779454949 0.00770350645983
305441 1.54799813877 0.00772035897704
301359 1.24608912617 0.00507806969482
299318 1.13083247804 0.0
299324 1.13629768766 0.00260149385388
299325 1.13189418714 0.00323521116575
299326 1.13212790615 0.0
297281 1.13609901953 0.00327138785361
297286 1.13708378726 0.00328477291826
301384 1.24817284064 0.0050636918067
302663 1.41645503449 0.00279763906511
297292 1.13837511998 0.00327200595791
297293 1.13849531162 0.00331445398372
301391 1.24895588677 0.00495973166921
297296 1.139207985 0.00327616860921
301393 1.24899665721 0.00470776782172
301394 1.25120569135 0.00216194835729
301396 1.24902553465 0.00528373675705
301397 1.24941172568 0.00503037660032
301398 1.24853849842 0.00543924854929
301399 1.24957054854 0.00503890999565
297308 1.14189683302 0.00327527448254
299368 1.13361339216 0.00346695202095
301417 1.25097120483 0.00510302715512
299370 1.13439188699 0.00329192308422
305516 1.55661245805 0.00770637740622
305517 1.55657353037 0.00768808854853
305518 1.55674787206 0.00768151401942
299394 1.13085385667 0.00281667565986
299395 1.13744858675 1.07884407043e-05
299396 1.12960972262 0.000231134041103
301447 1.25355056127 0.00507123522855
301448 1.25358101561 0.00507952121284
301449 1.25363738111 0.00511494786047
301450 1.25381817277 0.00512579025222
297359 1.15283557127 0.00326604317995
301461 1.25478304058 0.00497904122373
301472 1.25558969553 0.00515622161385
301475 1.25546769475 0.00517952622964
301476 1.25616768511 0.00491522498686
301480 1.25615794996 0.00519158663181
305586 1.56445996955 0.00767554389298
299443 1.21954630739 0.00500935919263
305588 1.56478380089 0.00770777239197
305590 1.56484322779 0.00773049392307
299450 1.21987778492 0.00492993966605
297411 1.16395622797 0.00328515415652
301519 1.25969339902 0.0050716917937
297424 1.16680061319 0.00328097687225
297425 1.16697592488 0.00328107874458
297426 1.16720266015 0.00327546974577
301524 1.25994163308 0.00516014224118
299477 1.22067587158 0.00516388479977
299478 1.22088050437 0.00515112482877
299479 1.22087890913 0.00506341802093
301529 1.26037362491 0.00516465902848
301530 1.26033817908 0.00525520242439
301531 1.26067889329 0.00514117607622
301532 1.26063971733 0.00507461668238
305636 1.57023408768 0.00767359963776
297467 1.17603245823 0.00325094179759
297468 1.1762253816 0.00326658750523
302328 1.37544925702 0.00273887968558
301567 1.26368488398 0.00509509370534
297474 1.17756216198 0.00326946166268
297483 1.1794129441 0.00327836223437
297484 1.17963280814 0.00327841070933
297485 1.17984284769 0.00327770391018
297486 1.18004039811 0.00328175043918
297487 1.18027602108 0.00328232051011
297488 1.18047604386 0.00327398525067
297503 1.18371700987 0.00328122270967
297504 1.18396263074 0.00326309468595
297505 1.18412739688 0.0032802489696
304562 1.44859893831 0.00291093396245
301627 1.268785577 0.00507795683622
305248 1.52606212533 0.00778251256031
305249 1.52629799394 0.00782797334835
299592 1.22573775143 0.00508559927987
299593 1.22574440294 0.00503280657244
299594 1.22569770174 0.00509569184426
299595 1.22592079717 0.00501705050026
299597 1.22589288596 0.00509662486726
297557 1.19535287259 0.00327024725754
297558 1.1955496139 0.00326430480952
297562 1.19633467626 0.00327193412317
297563 1.19656519178 0.00328257961961
299614 1.22662585395 0.00507074334477
301664 1.27201819035 0.00504095302725
301665 1.27200082218 0.00513082426196
305766 1.58517949536 0.00771663500704
297599 1.20442106558 0.00328153251296
299649 1.22814381932 0.00503564407683
297603 1.20526146645 0.00328354616221
297604 1.2054465149 0.00328764856403
297605 1.20564893384 0.00327946848081
297606 1.20586247969 0.00328343802535
305809 1.58982650488 0.00765148267276
297620 1.20892385399 0.00328864766248
305814 1.59054127282 0.00772687307979
305821 1.59121553596 0.0076483220001
305832 1.59248747103 0.00765492850046
305840 1.59346819797 0.00770508685002
305842 1.59374452843 0.00770488251875
297656 1.21673672303 0.00329916064081
297665 1.21853221499 0.00328533438706
297666 1.21873731751 0.00327116684632
297671 1.21990487115 0.00330055308826
297674 1.22050097984 0.00328214942817
297675 1.22070260155 0.00328489133397
297678 1.22145639086 0.00320482938105
303824 1.35569806557 0.00276798047226
303825 1.35541196543 0.00274488480269
303832 1.35355974664 0.002744541298
304654 1.45591093656 0.00288936122091
303838 1.35198882162 0.00274827595331
305898 1.60030783228 0.007671067941
305902 1.6007500376 0.00766703014703
302548 1.40240734741 0.00279123489768
297722 1.23085716243 0.00328409140011
297723 1.23106453386 0.00328721010367
297430 1.16804890211 0.00329139943573
297431 1.16825883932 0.00328815886297
303885 1.33943569896 0.00275807055409
299480 1.22096437595 0.00501635982934
299481 1.22107028104 0.00504681409197
297434 1.16889867576 0.00326760415965
297435 1.16909246584 0.00326406680547
305967 1.60821412216 0.00769931596293
297429 1.16783461345 0.00327083056062
303948 1.32260604731 0.00276714890645
301912 1.29297793284 0.0051280305572
301913 1.29297981464 0.00526128875849
301914 1.29362253789 0.00469291955336
302565 1.40450421455 0.00271044750606
306029 1.61531128218 0.00775613992349
306030 1.61543094603 0.00773987895539
306036 1.61532503827 0.00815037915592
301941 1.29550978571 0.00506571573857
306038 1.61638159987 0.00774112975353
306041 1.61658549274 0.00771471709959
306042 1.6167775754 0.00774866179008
303998 1.40421766472 0.00290493546726
303999 1.4042421947 0.00290686747712
304000 1.40433999494 0.00289915320711
306049 1.61757712625 0.00776005777243
306051 1.61804041035 0.00789539086972
301959 1.29703295084 0.00505591981236
301960 1.29708657525 0.00515495199611
301969 1.29798900031 0.00491331860366
301970 1.29792843281 0.00508958213089
301984 1.2991546983 0.00502540109869
301985 1.29924429108 0.00512356145811
301986 1.29934799477 0.00505621104875
301987 1.29934989884 0.00506915368191
297432 1.16845471609 0.00327888619904
306091 1.62236441127 0.00772035897729
306092 1.62251893517 0.00776090019463
301997 1.30021774591 0.00503755635682
301998 1.3003110208 0.00507981385577
306095 1.6228170237 0.00781528130488
304062 1.40919666575 0.00290189349899
297433 1.16864371234 0.00327950126767
302019 1.30201458716 0.00513358295469
305313 1.53347619292 0.00780769971423
306121 1.62583924928 0.00771722539377
302026 1.30258073225 0.00513638475665
302029 1.30290614772 0.00505921092971
302031 1.30311321025 0.0050785479039
302033 1.30315935072 0.00504447323257
302034 1.30436286058 0.00485446259941
302036 1.30356669835 0.00496093163786
302037 1.30310354387 0.00559270298967
302038 1.30391699552 0.00492478912604
305208 1.52166348874 0.00790252510176
302040 1.30382111092 0.00506605629579
302041 1.30408117214 0.00499716639423
302042 1.30407062705 0.00511302439445
302043 1.30409790231 0.00515110894721
306153 1.62941591699 0.00774292196852
306154 1.62956296083 0.00772546462859
306155 1.62969584745 0.00770599963273
297469 1.17644554737 0.00327917471658
304119 1.41372815493 0.00293172431749
304120 1.41377449677 0.00288872304109
306169 1.63119825877 0.00764834446831
306170 1.63072045515 0.00763981577165
306171 1.63133989271 0.0078043066831
304125 1.41416766097 0.00290732865142
304144 1.41567250662 0.00290014415638
302596 1.40820697426 0.00276585879498
304158 1.41677847003 0.0028964584362
304169 1.41763266589 0.00290203673842
304170 1.41772115744 0.00290476737564
300079 1.24600596202 0.00505023374455
302131 1.35142895192 0.00275445139838
300087 1.24635005595 0.0049631442361
304196 1.41994086961 0.00292520898008
304197 1.41984177968 0.00300191266141
304198 1.42005134483 0.00285104360173
304199 1.42093887562 0.0027691274379
304200 1.42006632355 0.00288277737154
300105 1.24673223172 0.00556796832334
300106 1.24727536599 0.00512287289798
300107 1.24727528002 0.0049952965718
304204 1.42040597981 0.00289784692099
302159 1.35480265846 0.00268795950443
304209 1.42085206782 0.00290951864591
302163 1.35532530334 0.00275650315318
302165 1.35561451548 0.00276842619351
302166 1.35531253172 0.00269821010663
300122 1.24781590737 0.00509363523
300123 1.2477914438 0.00511041922753
300124 1.24794505211 0.0050097769384
300155 1.24931976413 0.00497302245568
300156 1.24973335192 0.00476194359109
300157 1.24931412035 0.00505385217088
302225 1.36291335638 0.00274283574276
302228 1.36328200641 0.00276626951985
302229 1.36333842134 0.00277727706495
302240 1.36468320251 0.00273634183132
304291 1.4273324756 0.0028590660296
304292 1.42734023197 0.00290985556897
302262 1.3674721342 0.00282202188898
302263 1.36752329558 0.00275708865244
304671 1.45721072949 0.0029086014388
303989 1.31165574379 0.00286490702859
304672 1.45727968697 0.00299818604997
300226 1.25214731528 0.00512723977737
302277 1.36922370114 0.00276402366143
302279 1.36947337451 0.00275478721003
302280 1.36976771234 0.00278986211273
300233 1.25266727074 0.0049185228947
300234 1.25248844669 0.00505303854496
300235 1.25251445405 0.00509636540971
300236 1.25275974964 0.00489586010794
300237 1.25257662541 0.00509734857224
300238 1.2527775887 0.00502064634376
300239 1.25320923192 0.00472864015318
300240 1.25276509111 0.00502250362752
304354 1.43225256372 0.00290029481097
304366 1.43318383121 0.00291034637605
302322 1.37471886892 0.00276384624864
306422 1.66055788518 0.00773971407347
306423 1.66050353607 0.00773133205453
300280 1.25436197769 0.00509568297868
306425 1.66227761565 0.00804028408295
300282 1.25451802824 0.00510060048428
300283 1.25417128574 0.00527745320895
300284 1.25453579676 0.00511648718261
306432 1.66163629134 0.00773505168872
302337 1.37664457761 0.00276896977031
302342 1.37731155255 0.00281781127593
302343 1.37722243173 0.00268784402963
302344 1.37739216135 0.00273071440711
302350 1.37819820306 0.00274685217128
306454 1.66400063562 0.00773113244662
306037 1.61582241848 0.0075313743352
306456 1.66420795908 0.00774216157406
306458 1.66445660969 0.00770254950534
306459 1.66459335882 0.00773008077345
306460 1.66476415346 0.00780869921873
306462 1.66475464505 0.00773454928898
304333 1.43058935517 0.00292398640685
302388 1.38276458111 0.00276931019736
302392 1.383290899 0.00276284346607
302393 1.38341924849 0.00276630092236
304446 1.43947627965 0.0029018058399
304447 1.43954767849 0.00291481270642
304448 1.43990804816 0.00270914817273
304449 1.44011067634 0.00165107213092
304451 1.43983325205 0.00295592795073
305377 1.54087743814 0.00777128575862
300364 1.25793673637 0.00507105640238
300365 1.25788075267 0.00508644626782
300373 1.25836481478 0.00538686802428
300374 1.2586331111 0.00529505397473
300375 1.25841774275 0.00502259217592
300389 1.21945604027 0.00507041237173
300390 1.21929913227 0.00523502982426
300391 1.21972753382 0.00488430578713
300393 1.21976836938 0.00506156223147
300394 1.21962422449 0.00511109115628
300395 1.22001918383 0.00503328802995
300396 1.21996265966 0.00494545245746
300397 1.22033115068 0.00507679750107
300398 1.22064050024 0.0049608494635
302448 1.39013768694 0.00276772515568
300401 1.22006927089 0.00504414414552
304505 1.4441210555 0.00289000404844
304506 1.44423731524 0.00290384355913
304507 1.44428433403 0.00292959582764
304508 1.44431655994 0.00290534796271
302472 1.39308861997 0.00279166243849
302473 1.39318437881 0.00270636637173
302474 1.39330008872 0.00276166741155
302476 1.39360000175 0.00275616906255
302479 1.39389059067 0.00275224111119
302484 1.3945389974 0.00278386911513
302485 1.39463186234 0.0027587081458
302487 1.39891966859 0.0
302492 1.39542965073 0.00274576134259
302494 1.3957926746 0.0027721237557
300459 1.2225960621 0.00504085812548
302509 1.39767591853 0.00290511726797
300462 1.22282406838 0.00505937447265
300463 1.22272479914 0.00503624945304
300464 1.22270702394 0.00510604398787
302513 1.39817189085 0.00276599130887
300466 1.22290296532 0.00507187846098
300467 1.2228295039 0.00510642578107
302523 1.39920976178 0.00276862785488
302525 1.39951409732 0.00274766851248
302526 1.399709743 0.00276335612496
300497 1.22420211792 0.00505648193822
300500 1.22456251708 0.00401335647671
302550 1.40272033395 0.00272590237574
302551 1.40203435695 0.00262730977593
302553 1.40298259429 0.00278168985327
302554 1.40273537594 0.00273896841411
300514 1.22504924013 0.00502913782709
300515 1.22506959722 0.00502914907073
300516 1.2251475458 0.00508401219584
300517 1.22512317675 0.00503919064445
302566 1.40445708923 0.00281389766884
302567 1.40459045238 0.00272047367789
304616 1.45286684442 0.00291122999145
302570 1.40501631379 0.00278035998715
302571 1.40512560089 0.00279485026595
302572 1.40535120455 0.00279376936773
302573 1.4054856348 0.00277155420107
304625 1.45357666715 0.00290551468268
304626 1.45362339841 0.0029006427789
300538 1.22591677782 0.00507700734681
300539 1.22607624625 0.00505306744776
300545 1.22627828026 0.00510543037692
300548 1.22649800015 0.00507272446918
302597 1.40837883365 0.00278091965847
300551 1.22668087571 0.0050532157808
300552 1.22658500918 0.00511650575514
300558 1.22690088665 0.00512577006992
304655 1.45588771952 0.00290257428311
300560 1.22694608157 0.00513659149389
304661 1.45642550219 0.00289290327694
304662 1.45654667953 0.00290394097403
304663 1.45656213162 0.00291402368136
300574 1.2277270801 0.00498326853582
300575 1.22772695361 0.00504400110478
300576 1.22770333423 0.00506150110281
302634 1.41283359574 0.00274705818115
302635 1.41301675095 0.00279521649241
302651 1.41495284945 0.00275647190569
302654 1.41535287328 0.00274255900029
299616 1.22662306241 0.00510338234368
297227 1.91668466277 0.0032919348382
302661 1.41615020156 0.00276127363426
299617 1.22672011215 0.00501047897924
300631 1.23022111066 0.0049958693024
300632 1.23029398709 0.00505620399662
300633 1.23024214418 0.00504007933711
300635 1.23044064581 0.00499043176504
300636 1.23039354961 0.005114852842
304737 1.46240678203 0.00289711405153
304738 1.46247914423 0.00291177984385
304739 1.46216373564 0.0026461987252
304740 1.46259960174 0.00291140006436
300673 1.23186747851 0.00509921578279
300676 1.23210653802 0.00520515460707
304776 1.46546200528 0.00285850927586
304777 1.46555692532 0.00290304630866
304778 1.46558182264 0.00292929228683
306455 1.66440579501 0.00755516756348
304797 1.46713165157 0.00292068262468
300117 1.24763311322 0.00505705795291
306122 1.62597772007 0.0077486821479
300742 1.2350386657 0.00513602055335
306125 1.62631640107 0.00774666270752
300777 1.23646353923 0.00511907959701
300780 1.23638766209 0.00526504119108
300785 1.2368946608 0.00504847136235
301694 1.27456101212 0.00496684608317
306134 1.62721173279 0.00782529282854
300806 1.23789618343 0.00501558838105
300811 1.23789440518 0.00520275213874
300812 1.23779388422 0.00527144708974
300816 1.2381426565 0.00514872582028
300817 1.23834389031 0.00506274640596
306137 1.62735206106 0.00778651974433
306138 1.62762952137 0.00773477306215
306139 1.62796571152 0.00775322194869
305237 1.52475023183 0.00776394438821
305040 1.5022779582 0.00775251022387
305043 1.50255403956 0.00774095689918
305044 1.50276894872 0.00779253218097
305045 1.50277565959 0.00779317917554
305046 1.50294928998 0.00781172794259
305059 1.50457596312 0.00783208926617
305062 1.50498707727 0.00818023745564
305063 1.50462043824 0.00770339659763
305064 1.50490233594 0.00781306889224
305081 1.50694761915 0.00777557985139
305112 1.51046585171 0.00777552801662
305113 1.51015394978 0.00777866971469
305114 1.5106072941 0.0077805469369
301392 1.24894260446 0.00503285427053
298996 1.13374224733 0.00280116839004
301046 1.21945248337 0.00502586531319
299000 1.13659077898 0.0
