305178 1.34777269547 0.0649220418958
305179 1.34878056973 0.0641484611247
301086 1.28630612331 0.0648464068063
305183 1.34823658522 0.0654183904217
299042 1.13322482581 0.00800995421764
305188 1.34919468562 0.0646337532062
305202 1.34884771606 0.064499808308
305204 1.34843650308 0.0644534222501
299061 1.13983723291 0.0278321340788
299062 1.14237260502 0.0367496441467
305207 1.3477996153 0.0638014124684
299064 1.16298607495 0.0190034320727
299065 1.12444070612 0.0379575229534
299067 1.12552543438 0.034391185286
301141 1.29483271106 0.0624433583384
301142 1.29399083356 0.0638816640163
299096 1.16423320528 0.0
305247 1.35038391148 0.0642631859529
297056 1.77873155839 0.0115368408066
297057 1.77879024217 0.011463840971
301161 1.29564900959 0.0635623807018
301165 1.29600762061 0.0627879408411
299369 1.17633050701 0.0251912080321
301180 1.29672974871 0.0640999264046
301183 1.2974025758 0.0636295300645
305282 1.35073052095 0.0645841915292
297099 1.78496669624 0.0114675225219
297100 1.78536626179 0.0114987940885
297101 1.78531418155 0.0115110907618
306135 1.38877716445 0.0645171050535
297113 1.78649923742 0.0114792070357
297114 1.78674847192 0.0114659314627
305310 1.35233785895 0.0634508737455
305311 1.3520292021 0.0642782878548
305312 1.35429144248 0.063197478854
300400 1.25024216411 0.0387494285202
305314 1.35493382794 0.0653101126706
305862 1.37704691801 0.0639565850174
299178 1.14264789113 0.0
299184 1.15674079139 0.0314943880668
299185 1.16470374527 0.0207682469537
305336 1.35342734432 0.0643043954989
305341 1.35391091441 0.0639590366799
305351 1.35465673082 0.0653253949277
305186 1.34857795389 0.0652374239446
305358 1.35407702831 0.0649038870065
305364 1.35355728862 0.0647271850605
305365 1.35334698448 0.0645533768995
305366 1.35482312207 0.0646409141855
297176 1.79664798707 0.011561787093
297177 1.79640595806 0.0115735020521
297178 1.79695317461 0.0115606310139
297179 1.79675274325 0.0114156132229
297180 1.79704783144 0.0115184449304
297181 1.79669269375 0.0115608885401
305376 1.35402618512 0.0644462812836
301281 1.30692210091 0.0638201979286
301283 1.30575860931 0.0640991234156
301298 1.30753779552 0.0639488909948
297211 1.80157676825 0.0115481846016
305405 1.35641285589 0.0638874217834
305406 1.35706583321 0.0641514947365
297215 1.80223686908 0.0114220359021
297218 1.80261129867 0.0113634687104
297219 1.80352957287 0.0115267555791
297224 1.8035494418 0.0116240150948
297225 1.80386331749 0.0114117226051
301323 1.30962285469 0.0639910114471
301330 1.30979383907 0.0636304934552
306048 1.38585233473 0.0651326377427
305440 1.35984960373 0.0648247418296
305441 1.36030761294 0.0644666770463
301359 1.31227127085 0.063690926665
299316 1.12922048584 0.0
299317 1.19324898685 0.0
299318 1.15414682656 0.0120424810565
299324 1.16020692297 0.00922530889511
299325 1.19305093528 0.0287750138865
299326 1.16311176795 0.0110205411911
299327 1.19395150624 0.0
297281 0.929144474119 0.02467192429
297286 0.932333602109 0.0244996773677
301384 1.31373343874 0.0633455324984
302663 1.07689272667 0.0264321542403
297292 0.936990624222 0.0244507014008
297293 0.937838481814 0.0247695958766
301391 1.31443622178 0.063840674653
297296 0.940066525631 0.0246267886012
301393 1.31562583789 0.0632813544208
301394 1.32379809216 0.062946073733
301396 1.31419564054 0.0637319856788
301397 1.31505321185 0.0636863145695
301398 1.31561133367 0.061143308424
301399 1.31738425321 0.0628160798979
297308 0.948883177969 0.0244023669243
299368 1.19011679022 0.0285772233832
301417 1.31616141817 0.0634272781174
299370 1.19421686261 0.0276621284392
305516 1.3625576743 0.0647449713297
305517 1.3612480526 0.0644490580551
305518 1.3634110375 0.0641870950754
299380 1.13522330085 0.0
299381 1.19243534865 0.0
299394 1.19645504309 0.0113740563393
299395 1.17211015531 0.00748827207093
299396 1.17900236384 0.0147948265076
301447 1.31998559637 0.0643947287886
301448 1.32034624081 0.0641262167677
301449 1.31932758316 0.0631090308123
301450 1.32098049737 0.0645143776181
297359 0.986538024168 0.0244112311688
301461 1.32042225206 0.0631918044709
299420 1.22059529549 0.0
301472 1.32185799757 0.0634619202481
301475 1.32125662063 0.0649707014707
301476 1.32206141292 0.0636971610534
301480 1.32323658428 0.0637526261933
305586 1.36503006757 0.0642503692627
299443 1.20273218536 0.0334042845225
305588 1.36599395571 0.0655224763167
305590 1.36607258731 0.0651347059742
299450 1.20468905574 0.0334684031238
297411 1.02585380032 0.0244749156233
301519 1.3253718026 0.0637494242385
297424 1.0358035641 0.024405884422
297425 1.0363326861 0.0245761829936
297426 1.03736099219 0.0245647954818
301524 1.32693186424 0.0626902042334
299477 1.20425419182 0.0316479504185
299478 1.2100462087 0.0332110839798
299479 1.21052398961 0.0334961950888
301529 1.32814423668 0.0622866798895
301530 1.3252752977 0.0635666082501
301531 1.32723103192 0.0643229188839
301532 1.32727084795 0.0636319408609
305636 1.36809504957 0.0641505664179
297467 1.06763529422 0.0243654780839
297468 1.06886712517 0.0242880518935
302328 1.12753039153 0.0263247780844
301567 1.32993990851 0.0632834703601
297474 1.07327204193 0.0243402736467
297483 1.07999119512 0.0244763096153
297484 1.08094689768 0.024481593009
297485 1.08136299757 0.0244532526682
297486 1.08219014236 0.0246122203041
297487 1.0832968363 0.0245762410782
297488 1.08396228981 0.0246327330174
297503 1.09486012941 0.0244829149141
297504 1.09605566129 0.0241266228418
297505 1.09704176994 0.0246874815971
304562 1.22310410397 0.0286941840028
301627 1.3368660223 0.0640105708866
305248 1.35094689666 0.0643676438842
305249 1.35286083819 0.0646326645426
299592 1.23618376854 0.033034682762
299593 1.23623684468 0.0330705692568
299594 1.23654405154 0.0330933994595
299595 1.23686489581 0.0333620960225
299597 1.23677749811 0.0333754713923
297557 1.13518580833 0.0243453134205
297558 1.13653077025 0.024494411296
297562 1.13964030081 0.0247252038173
297563 1.14003972738 0.024714158457
299614 1.24054676333 0.0329073657872
301664 1.33791230507 0.0637925091921
301665 1.33919731192 0.0640703186434
305766 1.37359791027 0.0644944119538
297599 1.16674276185 0.0244772043407
299649 1.24819605635 0.0329920170106
297603 1.16989473143 0.0244032976215
297604 1.17035228378 0.0243642394411
297605 1.17164709124 0.0244404769249
297606 1.17201035805 0.0244674479856
305809 1.37555823169 0.0648627065934
297620 1.18218578773 0.0243151375033
305814 1.37476000818 0.0642118863056
305821 1.37508251569 0.0640411310597
305832 1.3751294996 0.0636803057063
305840 1.37660469502 0.0642600638144
305842 1.37687552234 0.0641839455913
297656 1.21028595076 0.0245944022454
297665 1.21683826 0.0245102703544
297666 1.21699789715 0.0244897280093
297671 1.21961597196 0.024236698607
297674 1.22205175567 0.0242515507154
297675 1.22341077461 0.0243521261542
297678 1.2255011864 0.026383872682
303824 1.1237126527 0.023447614346
303825 1.12341046594 0.0236477017843
303832 1.12307449172 0.0238500798422
304654 1.2367318615 0.0287054739097
303838 1.12260620827 0.0237217155717
305898 1.37980417896 0.0637414842224
305902 1.37885717995 0.063781796806
302548 1.09410497358 0.0263249189507
297722 1.25855235499 0.0243920428495
297723 1.25969714067 0.0243997300656
297430 1.04039103772 0.024565266417
297431 1.04128071448 0.0244505911708
303885 1.11880859905 0.0236425268826
299480 1.21070293122 0.0328020384544
299481 1.21077691856 0.0332276346501
297434 1.04359726719 0.0245591151998
297435 1.04495100019 0.0245850595798
305967 1.38238065682 0.0644462409215
297429 1.03938686468 0.0245696659369
303948 1.11376493665 0.023770657943
299149 1.12747539796 0.0
301912 1.36108842306 0.0644953041717
301913 1.36323363518 0.0665153929587
301914 1.35771028105 0.0620995812977
302565 1.08909014753 0.0281382895016
306029 1.38471613239 0.0648355384588
306030 1.38469453185 0.0645413640732
306036 1.39286673926 0.066935111836
301941 1.36191157842 0.0635175472034
306038 1.38511872122 0.0646202576619
306041 1.38578696897 0.0645620475873
306042 1.38553504241 0.0646669141917
303998 1.13995913785 0.0285372520317
303999 1.14008376897 0.0287081131274
304000 1.13949005809 0.0284129385317
306049 1.38645648738 0.0643954103448
306051 1.38552225621 0.0640222770879
301959 1.36424615895 0.0634688980683
301960 1.36276696604 0.0628041705213
301969 1.36355026757 0.0640901267089
301970 1.36532532398 0.063783311191
301984 1.36740847656 0.0625354705422
301985 1.36757765241 0.0639371775987
301986 1.36660305368 0.062927707835
301987 1.36763444957 0.0635030385529
297432 1.04188846716 0.0245890990994
306093 1.37985797924 0.0282318900557
306091 1.38646079746 0.064095484337
306092 1.38753548166 0.0645201917758
301997 1.36762311512 0.0633236518879
301998 1.3670631029 0.0636887976
306095 1.38690087857 0.0643242013125
304062 1.14935511947 0.0286970178535
297433 1.04268080107 0.0246973288631
302019 1.3684193648 0.0632711907069
305313 1.35455724308 0.0646666434939
306121 1.38892875952 0.0642351117577
302026 1.37110283782 0.0644775914614
302029 1.37003427701 0.0628054301429
302031 1.36932980081 0.0635799677359
302033 1.37077541699 0.0637608148842
302034 1.37589623449 0.0627523877403
302036 1.37172062236 0.0655143947347
302037 1.36592073933 0.0627723024
302038 1.37040754572 0.0635867687199
305208 1.3461593628 0.064941918457
302040 1.37165920929 0.0630828309141
302041 1.3678341347 0.0598966794737
302042 1.3699812525 0.0640423227267
302043 1.37143594546 0.0635302264822
306153 1.38928221002 0.0635831702253
306154 1.39017648261 0.063987427535
306155 1.39083090128 0.064537643614
297469 1.06952978741 0.0243971068612
304119 1.15823940715 0.0282998895356
304120 1.15803847226 0.0285051706731
306169 1.39008581381 0.0649542580423
306170 1.38870391326 0.0619887951512
306171 1.39106778029 0.0639317038527
304125 1.15870942714 0.0287021520797
304144 1.16142422744 0.0286452325938
302596 1.08705287269 0.0265534695792
304158 1.16368131584 0.0287514277301
304169 1.16529055216 0.0287736186292
304170 1.16533970992 0.0286387130911
300079 1.34381472409 0.0335808852002
302131 1.15724041757 0.0263903411796
300087 1.34649689098 0.0327912651879
304196 1.16802757053 0.0293572147561
304197 1.17036653185 0.0288402191796
304198 1.16932978548 0.0290208676506
304199 1.17487690645 0.0343827848558
304200 1.16973297204 0.0284324033541
300105 1.3477866181 0.0336808442986
300106 1.35078744509 0.0320145998223
300107 1.34992978115 0.0330517988746
304204 1.17055179196 0.0285787638637
302159 1.15319132272 0.0265170624953
304209 1.17131157232 0.0284864685831
302163 1.15295009521 0.0263648623346
302165 1.1523833556 0.0265863449744
302166 1.15197104199 0.0265691121819
300122 1.35417504399 0.0330655035573
300123 1.35471635977 0.0330060509393
300124 1.35452815322 0.0335347495461
300155 1.3616867102 0.0330102477801
300156 1.3642296597 0.0327952900428
300157 1.36204705667 0.0331966119124
302225 1.1432532904 0.0263439807276
302228 1.1429803541 0.0265202661337
302229 1.14274290593 0.0265347743292
302240 1.14073221749 0.0263690013329
304291 1.18304846694 0.0288553522249
304292 1.18349958568 0.028567491011
302262 1.13803761543 0.0266081509065
302263 1.1376170854 0.026507497158
304671 1.23915748629 0.02864124394
303989 1.1101917201 0.0240306711627
304672 1.23937466928 0.028907713865
300226 1.37738763155 0.0327888042253
302277 1.1352209744 0.0262808037229
302279 1.13511313042 0.026622454456
302280 1.13466112671 0.0261606818522
300233 1.37584674922 0.0316666649627
300234 1.37891779131 0.0330939393326
300235 1.37823566154 0.0323098823544
300236 1.37953307658 0.0326471876668
300237 1.37964041896 0.0328516124716
300238 1.37967205997 0.0331014491763
300239 1.38035013427 0.032744248902
300240 1.38035079528 0.0334209411642
304354 1.19247952295 0.0284920054486
304366 1.19413831282 0.0286509421379
302322 1.12862723509 0.0264024993235
306422 1.40442185997 0.0605854375798
306423 1.4016243786 0.0647837057624
300280 1.38915496093 0.0329278118696
306425 1.42347706273 0.065655285181
300282 1.38980587897 0.0329533572943
300283 1.39103348373 0.0325693814162
300284 1.39036368649 0.0331149580059
306432 1.40217605929 0.0653036718
302337 1.12652276436 0.0261763500602
302342 1.12598847966 0.0260548135531
302343 1.12464046408 0.0267226812019
302344 1.12552004651 0.0266398314557
302349 1.14267076013 0.00986669435907
302350 1.12441895522 0.0272081094304
306454 1.4036508188 0.0647751979502
306037 1.38548444593 0.0644821586144
306456 1.40383785467 0.064820569034
306458 1.40375552824 0.0651937923688
306459 1.40400980578 0.0645093310078
306460 1.4022979184 0.0640407479537
306462 1.40677935607 0.0651752776623
304333 1.18961213007 0.0286607196003
302388 1.11876593193 0.0265430003149
302392 1.11777546747 0.0265897010275
302393 1.11790747832 0.0265262276401
304446 1.20603823242 0.0284462931932
304447 1.20638457735 0.0285845368921
304448 1.19972380421 0.0292933441785
304449 1.20686617041 0.0311264779763
304451 1.20724400146 0.0293090538969
305377 1.35550723031 0.064594649973
300364 1.40727186151 0.0335849305633
300365 1.40540662633 0.0327482486317
300373 1.41444741074 0.0319448319863
300374 1.42060715676 0.0339671651677
300375 1.41001629258 0.0331012024983
300389 1.24425977813 0.0390350400772
300390 1.24402549238 0.0381957755502
300391 1.24530839534 0.0379472645053
300393 1.24596208052 0.0381307221506
300394 1.24738993931 0.0388169994842
300395 1.24777007986 0.0375418975053
300396 1.24915865824 0.0389747303828
300397 1.25162714842 0.0382800852648
300398 1.25558301011 0.0378164976202
302448 1.10961451013 0.0265794001438
300401 1.25034129977 0.0390371180441
304505 1.21500382405 0.0286577839258
304506 1.21503994711 0.0286600986551
304507 1.2151206501 0.0286242460741
304508 1.21497629699 0.0286589640772
302472 1.10570273678 0.0263948541936
302473 1.10557411157 0.0264116171408
302474 1.10526686158 0.0266228916367
302476 1.10557511559 0.0264351453944
302479 1.10430154664 0.0263302000343
302484 1.10371534917 0.0265004434073
302485 1.10389547232 0.0264080794619
302487 1.11619041975 0.0185048055358
302491 1.11888132099 0.0
302492 1.10035551651 0.0253934533438
302494 1.1023616964 0.0265942797671
300459 1.2782911598 0.0381499439218
302509 1.10045454991 0.0263339673756
300462 1.2787709602 0.0384862097395
300463 1.28084227706 0.0387866423212
300464 1.27984642111 0.0389037390915
302513 1.09987545316 0.0259313939623
300466 1.28156067077 0.0384619054881
300467 1.28073543974 0.0389690053517
302523 1.0981148309 0.0264420688743
302525 1.09797634412 0.0263627422485
302526 1.09775010672 0.0265330044683
300497 1.29615024344 0.0387991317231
300500 1.30853804224 0.0409325142056
302550 1.09366836084 0.0264872783906
302551 1.09898452507 0.0236698094608
302553 1.09360370511 0.0263413003735
302554 1.09444505313 0.0282620637558
300514 1.30396957131 0.0381907652627
300515 1.30446278709 0.0385662695847
300516 1.30478405337 0.038628259967
300517 1.30465554502 0.0386068416084
302566 1.09172078979 0.026636487876
302567 1.09171128249 0.0268722837138
304616 1.23117200877 0.0285651185663
302570 1.09161051492 0.0259478376846
302571 1.09118907664 0.0266333919885
302572 1.09061573599 0.0265686945423
302573 1.0908226388 0.0265648411561
304625 1.23242958805 0.0286000224088
304626 1.23312689077 0.0288530841263
300538 1.31438152267 0.0390362945698
300539 1.31596377963 0.038523957643
300545 1.31897300465 0.0386784578286
300548 1.32077524639 0.037364320228
302597 1.08684735561 0.0267570327133
300551 1.32121973382 0.038638225451
300552 1.32300712784 0.0381929316212
300558 1.32465160275 0.0387966090169
304655 1.23723081491 0.0285166338607
300560 1.32566427242 0.0380699828367
304661 1.23756871363 0.0285607243799
304662 1.23746324589 0.0286192946714
304663 1.23808512894 0.0287525487523
300574 1.33218422376 0.0384490934853
300575 1.33191815409 0.0384372447775
300576 1.33331954997 0.0386155739681
302634 1.08137567488 0.0264506652613
302635 1.08127329678 0.0264853530749
302651 1.0784098251 0.0262946074308
302654 1.07790460365 0.026418840007
299616 1.24075669054 0.033065586337
297227 1.804188529 0.011747033373
302661 1.07634774635 0.0261863827633
299617 1.23836898892 0.0325045656489
300631 1.35923896426 0.0386068243292
300632 1.35993935027 0.0386781236784
300633 1.36054277942 0.0380878808719
300635 1.36132068591 0.0384576874417
300636 1.36132894306 0.03838489034
304737 1.24911155006 0.0289709796333
304738 1.24897666214 0.0285789431502
304739 1.24909026447 0.0287933332413
304740 1.24847106755 0.028717849288
300673 1.37991776656 0.0381027599763
300676 1.37957336171 0.0375252124984
304776 1.25401356808 0.028461505111
304777 1.25439617318 0.0285680004406
304778 1.25475253195 0.0284753749851
306455 1.40284212535 0.0625984867542
304797 1.25807296049 0.028631763149
300117 1.3531856778 0.0335280522704
298678 1.08314119604 0.042865817204
306122 1.38930100126 0.0644043127885
300742 1.41245724494 0.0384591989578
306125 1.3894127498 0.0643573547223
300777 1.42997440252 0.0386524051412
300780 1.43014589128 0.0381997000061
300785 1.432505773 0.0386398594713
301694 1.34103326836 0.0648859634957
306134 1.38967827074 0.0667162570039
300806 1.44381123648 0.0384258676282
300811 1.44561636616 0.0383382793792
300812 1.44352631111 0.0381300961097
300816 1.44697681752 0.0382209569046
300817 1.44781825256 0.0385088960016
306137 1.39234746047 0.0646122876875
306138 1.39008553136 0.0644949168197
306139 1.38967640345 0.0648471518569
305237 1.35000366526 0.0640997042237
299329 1.20422905815 0.0255980175183
305040 1.34265986248 0.0644331212696
305043 1.34253144748 0.065390556421
305044 1.34204580881 0.0645387117087
305045 1.34317343735 0.0643660214798
305046 1.3429016245 0.0647677048726
305059 1.34470302327 0.0649497971103
305062 1.34501595658 0.0634283657215
305063 1.34264342782 0.066519414396
305064 1.34289699024 0.064581785445
305081 1.34283760005 0.0640181061772
298998 1.14206705579 0.0
305112 1.34583490993 0.0644896579665
305113 1.34596922452 0.064193431836
305114 1.34654562181 0.0653590560819
301392 1.31519058152 0.0635086620803
298996 1.15303527657 0.0302238661614
301046 1.28355797174 0.0623522214979
299000 1.11228738791 0.0229704189785
