305178 1.39424158432 0.00400200966918
305179 1.3943035858 0.00397571078675
301086 1.27739860159 0.00430029736104
305183 1.39470035229 0.0040192888343
305188 1.39520596964 0.0040813290899
305202 1.39639917956 0.00403195904552
305204 1.39666991169 0.00407956045138
299061 1.1273318753 0.00592310863535
299062 1.12907746966 0.00421740378993
305207 1.39691797225 0.00408453018542
299065 1.12597050397 0.00579628491447
299067 1.12401016595 0.00566678073558
301141 1.2820872981 0.00403865956827
301142 1.28217929867 0.00434975130717
299096 1.12568957679 0.0
305247 1.40050481552 0.00407777524602
297056 1.87455401422 0.00556983749877
297057 1.87468685897 0.00555986719933
301161 1.28375326459 0.00431645580199
301165 1.28402909478 0.00431171611332
299369 1.1262730282 0.00460506043732
301180 1.28541622533 0.00429630951734
301183 1.28561917591 0.0043235297944
305282 1.40382319477 0.00412395400506
297099 1.8795955818 0.0055598042006
297100 1.87968835351 0.00555704883604
297101 1.8797693929 0.00555813852621
306135 1.48161731121 0.00405862622312
297113 1.88112394288 0.00554265528459
297114 1.88135999572 0.00553750979417
305310 1.40620825152 0.00402127928562
305311 1.40635731925 0.00408557764995
305312 1.40637873231 0.00413740988732
300400 1.27463332224 0.00432955395809
305314 1.4067166667 0.00406748129743
305862 1.45659835957 0.00406680406003
299184 1.12468794306 0.00499640477306
299185 1.12317891765 0.0052961977387
305336 1.40860069454 0.00401835726622
305341 1.409035094 0.00404940719736
305351 1.4100067074 0.00404419340911
305186 1.39500647652 0.00406843878176
305358 1.41055474857 0.0040218300003
305364 1.41108006648 0.00398471966901
305365 1.41123427213 0.00405426182019
305366 1.41151473424 0.00404113346494
297176 1.88853912208 0.00557378393193
297177 1.8885145401 0.00556386752125
297178 1.88863969154 0.00556841069184
297179 1.88858470781 0.00554752365802
297180 1.8891329087 0.00556083130311
297181 1.88895416956 0.00547834142499
305376 1.41221898432 0.00404248785635
301281 1.29388542802 0.00430417945804
301283 1.29403678625 0.00432624432339
301298 1.29528146203 0.00431260001706
297211 1.89253602923 0.00555170134817
305405 1.41491859527 0.00405675776875
305406 1.41504711849 0.00407523837341
297215 1.89278261303 0.0055592128742
297218 1.89348217231 0.00557045715188
297219 1.89335995326 0.00557142617547
297224 1.89377779566 0.00556306138506
297225 1.89401054937 0.00549044190613
301323 1.29740955748 0.00429861639136
301330 1.29797909199 0.00430856645053
306048 1.47368352966 0.0040901533602
305440 1.41821287795 0.00408876456959
305441 1.41833912962 0.00407808499383
301359 1.30035926266 0.0042916565346
299318 1.12522521374 0.00665764990189
299324 1.12842173242 0.000288608033879
299325 1.12670265754 0.00437703278107
299326 1.11816037638 6.67572021484e-06
297281 1.12739065652 0.00557609328012
297286 1.12760287698 0.00555356218862
301384 1.30257345476 0.0043057948321
302663 1.30767054469 0.00302554908493
297292 1.12794356137 0.00555179761525
297293 1.12787562724 0.00557674135969
301391 1.30303534517 0.0043727158219
297296 1.12817371896 0.00555895348984
301393 1.30386376873 0.00415689800469
301394 1.30485445092 0.00422682541897
301396 1.30383475538 0.00443065235097
301397 1.30360860983 0.00433499528437
301398 1.3040340194 0.00450748019238
301399 1.3038435135 0.00431938984686
297308 1.1288376213 0.00558442258469
299368 1.12683189456 0.00542326875955
301417 1.30534064916 0.00431519922329
299370 1.12498166123 0.00551776336368
305516 1.42508750093 0.00406864376955
305517 1.42509282824 0.00409051554497
305518 1.42526567861 0.00410224727387
299394 1.12235300909 0.00498457364595
299395 1.12176326586 0.00549988276415
299396 1.13110176834 0.0
301447 1.30780608995 0.00430588728009
301448 1.30790579062 0.00432881722567
301449 1.30805746968 0.00432520989573
301450 1.30814061898 0.00430375386176
297359 1.13141014558 0.00555300221287
301461 1.30899851056 0.00434774957872
301472 1.30990688011 0.00436025471415
301475 1.3100816293 0.00400063793105
301476 1.31020841777 0.00433654576722
301480 1.31076931332 0.00433740504696
305586 1.43149555517 0.00403433668977
299443 1.12734182593 0.00553689607515
305588 1.43161759748 0.00405159360149
305590 1.43187323814 0.00408677139463
299450 1.12715753333 0.00554668879252
297411 1.13413728115 0.00555393941501
301519 1.31380555616 0.00427871123122
297424 1.13482260902 0.00554866451448
297425 1.13487830493 0.00556775683743
297426 1.13491639824 0.0055712899802
301524 1.31431047381 0.00432736633141
299477 1.12632499823 0.00553778346493
299478 1.12654435174 0.00556942059485
299479 1.12646889749 0.00557413645193
301529 1.31484232957 0.00437030560628
301530 1.31503966044 0.0043194146975
301531 1.3149034617 0.00428670083734
301532 1.3149004195 0.00430910673298
305636 1.43607712078 0.00407538914232
297467 1.13709859693 0.00554429334854
297468 1.13709840951 0.00555962203006
302328 1.28255809955 0.00304274169439
301567 1.31797202513 0.00432208066623
297474 1.13741151337 0.00556341981226
297483 1.13791412133 0.00556632895051
297484 1.13793523549 0.00555719717378
297485 1.13795301764 0.0055559241215
297486 1.13801122393 0.0055579659633
297487 1.13812341878 0.00555401865039
297488 1.1381740741 0.00556356367902
297503 1.13887441733 0.00555765512739
297504 1.13891249308 0.00555825189806
297505 1.13901609865 0.00555787190101
304562 1.32738225186 0.00440013949295
301627 1.32296400389 0.00434348025473
305248 1.40053484712 0.00401203269639
305249 1.40066984448 0.0040857817045
299592 1.12381444518 0.00557035671671
299593 1.12377960505 0.00555062485045
299594 1.12367008379 0.00558174314372
299595 1.12384009326 0.0055616767807
299597 1.12369714774 0.0055631525799
297557 1.14167428809 0.00555515075424
297558 1.14175225501 0.00556166781084
297562 1.14197580364 0.00556336244724
297563 1.14203731406 0.00555875222203
299614 1.12326257814 0.00552749772829
301664 1.32611550531 0.0043326295834
301665 1.32622306815 0.00433986295714
305766 1.44796137748 0.00406321705898
297599 1.1439644109 0.00556187465735
299649 1.12248342621 0.00558032773783
297603 1.14419410362 0.00556135304524
297604 1.14420612017 0.00556952626977
297605 1.14432043101 0.00555572347919
297606 1.14430155119 0.00554433726083
305809 1.45189177806 0.00401452241617
297620 1.14507535092 0.00556081266712
305814 1.4522808377 0.00406251998583
305821 1.452898663 0.00405261461726
305832 1.4539284825 0.00407298766119
305840 1.45466322703 0.0040905064267
305842 1.4548769568 0.00414979259043
297656 1.14692126286 0.0055758335231
297665 1.14736762657 0.00556005648509
297666 1.14749537881 0.00555003874513
297671 1.14774493112 0.00557693396864
297674 1.14778567664 0.00557676815594
297675 1.14792870897 0.00556014345085
297678 1.14722782595 0.00534856562322
303824 1.25890497397 0.00298329714603
303825 1.25861174779 0.00301973932796
303832 1.25682949842 0.00304155288886
304654 1.33028207031 0.00438221267252
303838 1.25528007456 0.00304466871553
305898 1.45995980062 0.00404389095248
305902 1.46025720406 0.00407577837478
302548 1.29900127997 0.00300995810882
297722 1.15038843831 0.00556391547444
297723 1.15047290772 0.00555606920383
297430 1.13514309719 0.00556135448215
297431 1.13518260586 0.00556614545745
303885 1.24297503147 0.00301738031174
299480 1.12647573235 0.00553704967729
299481 1.12643980563 0.00554721886393
297434 1.13537568807 0.00553780625233
297435 1.13540679895 0.00560512483723
305967 1.4662734534 0.00408222139231
297429 1.13505200441 0.00556126005071
303948 1.22650840442 0.00302475906947
301912 1.34692549381 0.00427449934105
301913 1.34724339151 0.00433298250045
301914 1.34745285255 0.00442903504721
302565 1.30080675119 0.00263240216642
306029 1.47201154662 0.00411658987132
306030 1.47207031023 0.0040619552506
306036 1.47324235682 0.00451327983181
301941 1.34940185297 0.00433139679766
306038 1.47275607904 0.00405516698147
306041 1.47300192025 0.00407472174002
306042 1.47312074798 0.00407676068508
303998 1.30924007854 0.00444190028059
303999 1.30927602901 0.0044601950093
304000 1.30940959095 0.00443442845163
306049 1.47378856152 0.00410672407552
306051 1.47391598997 0.00415887912651
301959 1.35095683272 0.00432531068829
301960 1.35093638475 0.00429569222235
301969 1.35173562296 0.00434430090952
301970 1.35195457305 0.00434310193037
301984 1.35301595663 0.00435599564043
301985 1.35303902554 0.00426010884264
301986 1.3532305817 0.00431847007278
301987 1.35332104342 0.00433768157711
297432 1.13524617487 0.00557136118747
306093 1.47867734334 0.0
306091 1.47757834038 0.0040902985491
306092 1.47768876429 0.00410053732543
301997 1.35415621234 0.00432155152018
301998 1.35422845199 0.00432194629524
306095 1.47797656783 0.00409634198451
304062 1.31130632923 0.00444647710414
297433 1.13528040602 0.00555881945229
302019 1.35590538674 0.00422668684727
305313 1.40642920352 0.00405081074688
306121 1.48028704558 0.00399934390103
302026 1.3566180964 0.00428982355217
302029 1.3568264624 0.00429052042253
302031 1.35699006413 0.00433438027863
302033 1.35749619604 0.00450631900339
302034 1.35744859172 0.0040213797426
302036 1.35765750586 0.00432815588204
302037 1.35714265837 0.00401610373754
302038 1.35769483606 0.00474432560696
305208 1.39697454246 0.00411165557372
302040 1.35779866925 0.0042779718365
302041 1.3583274657 0.004441521989
302042 1.3579286789 0.00428269643784
302043 1.35821348152 0.00434661070019
306153 1.48315885282 0.0040213110546
306154 1.48328151403 0.00406752807162
306155 1.48340561076 0.00406794120789
297469 1.13717249216 0.00558529999055
304119 1.3130896284 0.00442804267849
304120 1.31313138494 0.00444037410919
306169 1.48464119594 0.00413514119466
306170 1.48470331537 0.00422007915737
306171 1.48496069021 0.00406622599411
304125 1.31329730884 0.00446044266961
304144 1.31392892309 0.0044510198699
302596 1.30266800404 0.00304295465258
304158 1.31435175288 0.0044510842528
304169 1.31471192955 0.00446027192223
304170 1.31475056417 0.00448726026502
300079 1.11225387283 0.00559822787851
302131 1.26779655644 0.003041783508
300087 1.11226311932 0.00556206865376
304196 1.31551633995 0.00437799003539
304197 1.31549016927 0.0045024605677
304198 1.31569738861 0.00449997233591
304199 1.31514147562 0.00433810116342
304200 1.31574332451 0.00444671907888
300105 1.11164965324 0.00557537779806
300106 1.1117806923 0.00553754424388
300107 1.11163853811 0.00556506671369
304204 1.31585491983 0.00444770678695
302159 1.26990049784 0.00308986224663
304209 1.3159740813 0.00444691050503
302163 1.27019644024 0.00303952446023
302165 1.27019668779 0.0029979136007
302166 1.26963013201 0.00282918614079
300122 1.11124584624 0.00556151867434
300123 1.11132350698 0.00556523832916
300124 1.11129435657 0.00557831772179
300155 1.11054808128 0.00555501540827
300156 1.11030831901 0.00551681789928
300157 1.11048612768 0.00555293197492
302225 1.27478506007 0.00302223704814
302228 1.2750583201 0.00308977219582
302229 1.27518372408 0.00303561455148
302240 1.27597767225 0.00306912180197
304291 1.31865891575 0.00440735650252
304292 1.31865765625 0.0044478149648
302262 1.27760044479 0.00300738340357
302263 1.27765632541 0.00304938137969
304671 1.33083762309 0.00438681070411
303989 1.21584348655 0.00302108489262
304672 1.33078317397 0.00446892700937
300226 1.10886927396 0.0055481894784
302277 1.27871941042 0.00302292230149
302279 1.27900271208 0.00309391161352
302280 1.27894433844 0.00299823962887
300233 1.10877650976 0.00551961007279
300234 1.10857559106 0.00556275579825
300235 1.10863577155 0.00557146044121
300236 1.10862446133 0.00557428840981
300237 1.10864894723 0.00555635428777
300238 1.10859412632 0.00557759325786
300239 1.10865002079 0.00556379589786
300240 1.10849819905 0.00551719186303
304354 1.32062376716 0.00441659821211
304366 1.32100019788 0.0044588168824
302322 1.28211579324 0.0030542033477
306422 1.50775997739 0.00413116193266
306423 1.50772001071 0.00409628371225
300280 1.10759213245 0.00555673337292
306425 1.50894841333 0.00467994250284
300282 1.1075986241 0.00553465993488
300283 1.10740801707 0.00553484307019
300284 1.10747624329 0.00556681747664
306432 1.50852840947 0.00410570070202
302337 1.28317073623 0.00307096758926
302342 1.28370406045 0.00308763496639
302343 1.28371193892 0.00310267168863
302344 1.28375184838 0.00302653271059
302349 1.28966653169 0.00133895368826
302350 1.28418654061 0.00306393784357
306454 1.51056715119 0.00410604026777
306037 1.47246404541 0.00400573113136
306456 1.51074799489 0.00411077376794
306458 1.5109232489 0.00414449589805
306459 1.51102313625 0.0041465848204
306460 1.51126280759 0.00399903100021
306462 1.5114896596 0.00425635256946
304333 1.31994903381 0.00443886794842
302388 1.28696650701 0.00299446970885
302392 1.28733790949 0.00302462999328
302393 1.28740771048 0.0030148380723
304446 1.3235784609 0.00447331341583
304447 1.32365326462 0.00445435246668
304448 1.32252472678 0.004089624109
304449 1.32380876736 0.00487438566489
304451 1.3239928764 0.00439288943624
305377 1.41230812151 0.00402554259195
300364 1.10555817175 0.00555163210583
300365 1.10542843286 0.00554407145119
300373 1.10549727464 0.0055389836013
300374 1.10538064614 0.00560041703136
300375 1.10525180048 0.00559132586419
300389 1.27401186435 0.00429113794015
300390 1.27417194769 0.0044193994362
300391 1.27434003865 0.00438937662005
300393 1.27419879125 0.00436566259737
300394 1.27427572517 0.00421009028323
300395 1.2745824273 0.00426621129082
300396 1.27440192268 0.00428983558739
300397 1.27461577172 0.0043423783364
300398 1.27454183052 0.00435013710686
302448 1.29156692023 0.00303704295858
300401 1.27472079512 0.00434516760886
304505 1.325649902 0.00447219343986
304506 1.32564149187 0.00440480611108
304507 1.32562160038 0.00438022299184
304508 1.32559956672 0.00439210856642
302472 1.29337048623 0.00302834861934
302473 1.2933916765 0.00304324835738
302474 1.29350662058 0.00305067540046
302476 1.29359579156 0.00306168365006
302479 1.29390971338 0.00304742477343
302484 1.29417822949 0.00300353904645
302485 1.2943786422 0.0030551112389
302487 1.29482379866 0.00166319879843
302492 1.29477075116 0.0030259275396
302494 1.29504256419 0.00301227467844
300459 1.27772256653 0.00428561389622
302509 1.29622052224 0.00298813817534
300462 1.27769431773 0.00434594081862
300463 1.27779014122 0.00437927860417
300464 1.27779161357 0.00431458472699
302513 1.29642309946 0.00301578398553
300466 1.27796827808 0.00427207910318
300467 1.27801505348 0.00438206461959
302523 1.2971746951 0.00304413240687
302525 1.29729577859 0.00301755204774
302526 1.29738290559 0.00306939070784
300497 1.27944221115 0.00433329794478
300500 1.27652449615 0.00460506430193
302550 1.29910872479 0.00284984107465
302551 1.29979104564 0.0035752181361
302553 1.29942296204 0.00309841448235
302554 1.29963258745 0.00371454213648
300514 1.28035913692 0.00431667687739
300515 1.28033305056 0.00433045516396
300516 1.28037012576 0.00441655013273
300517 1.28049585511 0.00433849739951
302566 1.30042666974 0.00297019375178
302567 1.30049960445 0.00302174790029
304616 1.32910455497 0.00438986884017
302570 1.30073228716 0.00308751629119
302571 1.30077116972 0.00300680940998
302572 1.30085056458 0.00300814308254
302573 1.30095978005 0.00305055418185
304625 1.32937903824 0.00439960302796
304626 1.32933314671 0.00446603370622
300538 1.28148866694 0.00438850480264
300539 1.28153959922 0.00433621499269
300545 1.28186102346 0.00435062540848
300548 1.28187068813 0.00438436392753
302597 1.3027422449 0.00304927337401
300551 1.28211931823 0.00424371393339
300552 1.28210172323 0.00432992884057
300558 1.28255651669 0.00434172820636
304655 1.33028391249 0.00440388150659
300560 1.28259294195 0.00433616040463
304661 1.33048506963 0.0043525107954
304662 1.33054588968 0.0043619014968
304663 1.33062084668 0.00437830222346
300574 1.28341151897 0.00429974798089
300575 1.2833059275 0.00424566383993
300576 1.2833762883 0.00432936796555
302634 1.30544188664 0.00303446921256
302635 1.30559125819 0.00304257741952
302651 1.3067259954 0.00301386166191
302654 1.30693755546 0.00299992267932
299616 1.12326525553 0.00555774405617
297227 1.89397852605 0.00555437582462
302661 1.30750511913 0.00302953045712
299617 1.12311274277 0.00555157524293
300631 1.28589822231 0.00439065077839
300632 1.28610534725 0.00425953940573
300633 1.28618063607 0.00432590363241
300635 1.28619421355 0.00431823831849
300636 1.28636547776 0.00436653548579
304737 1.33292918654 0.00439105138955
304738 1.33299930954 0.00441600855477
304739 1.33301556322 0.00413961948202
304740 1.33305299438 0.00437605464932
300673 1.2883001218 0.00435078517513
300676 1.28831672231 0.00426157487175
304776 1.334127594 0.00445988049437
304777 1.33419760914 0.00441502396135
304778 1.33425523999 0.00441541039491
306455 1.51033872284 0.00395593759785
304797 1.33483801028 0.00441588725461
300117 1.11141824137 0.00557365469393
298678 1.11950959841 0.0
306122 1.48036286007 0.00404351068559
300742 1.29162308921 0.00430877766694
306125 1.4806449775 0.00408287737914
300777 1.29332427652 0.0043364454993
300780 1.29353482321 0.00441655820376
300785 1.29377510131 0.00435129105287
301694 1.32851438591 0.00426430457239
306134 1.48156171675 0.00396752078299
300806 1.2948268573 0.00433560505838
300811 1.29502623448 0.00438132012448
300812 1.29499877237 0.00434575416472
300816 1.29534499892 0.00436120210365
300817 1.29533096139 0.00431923676538
306137 1.48163185808 0.0042134464499
306138 1.48191964225 0.00409683915841
306139 1.48189319944 0.00408514250181
305237 1.39960030511 0.00404256416291
299329 1.12767696244 0.00324082352648
305040 1.38164596348 0.00401476898857
305043 1.38186908643 0.00398039367562
305044 1.38202538922 0.00404892707366
305045 1.38214974955 0.00407337745565
305046 1.3822642636 0.00408756141138
305059 1.38345747847 0.00401317315815
305062 1.38404816308 0.00406860523817
305063 1.383764084 0.0041774024898
305064 1.38376819515 0.0040198614935
305081 1.38528625812 0.00402003425556
305112 1.38810322784 0.00406607422829
305113 1.38849753631 0.0041687713363
305114 1.38829932684 0.00400905327992
301392 1.30316639841 0.00433160829636
298996 1.12596604311 0.00479732586559
301046 1.27402606697 0.00425108474556
299000 1.12196962585 7.7486038208e-06
